0	Unknown AA -1	-1	65535	65535	127	131071	0	1	0	0	49999	1
1	Innate Strength	-1	65535	65535	127	131071	0	1	0	0	2	1
2	Innate Stamina	-1	65535	65535	127	131071	0	1	0	0	7	1
3	Innate Agility	-1	65535	65535	127	131071	0	1	0	0	12	1
4	Innate Dexterity	-1	65535	65535	127	131071	0	1	0	0	17	1
5	Innate Intelligence	-1	65535	65535	127	131071	0	1	0	0	22	1
6	Innate Wisdom	-1	65535	65535	127	131071	0	1	0	0	27	1
7	Innate Charisma	-1	65535	65535	127	131071	0	1	0	0	32	1
8	Innate Fire Protection	-1	65535	65535	127	131071	0	1	0	0	37	1
9	Innate Cold Protection	-1	65535	65535	127	131071	0	1	0	0	42	1
10	Innate Magic Protection	-1	65535	65535	127	131071	0	1	0	0	47	1
11	Innate Poison Protection	-1	65535	65535	127	131071	0	1	0	0	52	1
12	Innate Disease Protection	-1	65535	65535	127	131071	0	1	0	0	57	1
13	Innate Run Speed	-1	65535	65535	127	131071	0	1	0	0	62	1
15	Innate Metabolism	-1	65535	65535	127	131071	0	1	0	0	68	1
16	Innate Lung Capacity	-1	65535	65535	127	131071	0	1	0	0	71	1
17	First Aid	-1	65535	65535	127	131071	0	1	0	0	74	1
18	Healing Adept	-1	16942	65535	127	131071	0	2	0	0	77	1
19	Healing Gift	-1	16942	65535	127	131071	0	2	0	0	80	1
20	Spell Casting Mastery	-1	15906	65535	127	131071	0	2	0	0	83	1
21	Spell Casting Reinforcement	-1	25150	65535	127	131071	0	2	0	0	86	1
23	Spell Casting Fury	-1	32446	65535	127	131071	0	2	0	0	92	1
25	Spell Casting Subtlety	-1	15360	65535	127	131071	0	2	0	0	98	1
26	Spell Casting Expertise	-1	15504	65535	127	131071	0	2	0	0	101	1
27	Spell Casting Deftness	-1	7184	65535	127	131071	0	2	0	0	104	1
28	Natural Durability	-1	65535	65535	127	131071	0	1	0	0	107	1
29	Natural Healing	-1	49629	65535	127	131071	0	2	0	0	110	1
30	Combat Fury	-1	16596	65535	127	131071	0	2	0	0	113	1
31	Fear Resistance	-1	49629	65535	127	131071	0	2	0	0	116	1
32	Finishing Blow	-1	49629	65535	127	131071	0	2	0	0	119	1
33	Combat Stability	-1	65535	65535	127	131071	0	1	0	0	122	1
34	Combat Agility	-1	65535	65535	127	131071	0	1	0	0	125	1
35	Mass Group Buff	-1	30254	65535	127	131071	0	3	0	0	128	1
36	Divine Resurrection	-1	2	65535	127	131071	0	3	0	0	129	1
37	Innate Invis to Undead	-1	1026	65535	127	131071	0	3	0	0	130	1
38	Celestial Regeneration	-1	2	65535	127	131071	0	3	0	0	131	1
39	Bestow Divine Aura	-1	2	65535	127	131071	0	3	0	0	132	1
41	Purify Soul	-1	2	65535	127	131071	0	3	0	0	136	1
42	Quick Evacuation	-1	2080	65535	127	131071	0	3	0	0	137	1
43	Exodus	-1	2080	65535	127	131071	0	3	0	0	140	1
44	Quick Damage	-1	6176	65535	127	131071	0	3	0	0	141	1
45	Enhanced Root	-1	32	65535	127	131071	0	3	0	0	144	1
46	Dire Charm	-1	8192	65535	127	131071	0	3	0	0	145	1
47	Cannibalization	-1	512	65535	127	131071	0	3	0	0	146	1
48	Quick Buff	-1	25134	65535	127	131071	0	2	0	0	147	1
49	Alchemy Mastery	6	512	65535	127	131071	0	1	0	0	150	1
50	Rabid Bear	-1	512	65535	127	131071	0	3	0	0	153	1
52	Improved Familiar	-1	2048	65535	127	131071	0	3	0	0	155	1
53	Nexus Gate	-1	2048	65535	127	131071	0	3	0	0	156	1
55	Permanent Illusion	-1	8192	65535	127	131071	0	3	0	0	158	1
56	Jewel Craft Mastery	6	8192	65535	127	131071	0	1	0	0	159	1
57	Gather Mana	-1	8192	65535	127	131071	0	3	0	0	162	1
58	Mend Companion	-1	21504	65535	127	131071	0	3	0	0	163	1
60	Frenzied Burnout	-1	4096	65535	127	131071	0	3	0	0	167	1
61	Elemental Form: Fire	-1	4096	65535	127	131071	0	3	0	0	168	1
62	Elemental Form: Water	-1	4096	65535	127	131071	0	3	0	0	171	1
63	Elemental Form: Earth	-1	4096	65535	127	131071	0	3	0	0	174	1
64	Elemental Form: Air	-1	4096	65535	127	131071	0	3	0	0	177	1
67	Elemental Pact	-1	4096	65535	127	131071	0	3	0	0	182	1
68	Life Burn	-1	1024	65535	127	131071	0	3	0	0	183	1
69	Dead Mesmerization	-1	1024	65535	127	131071	0	3	0	0	184	1
70	Fear Storm	-1	1024	65535	127	131071	0	3	0	0	185	1
71	Flesh to Bone	-1	1024	65535	127	131071	0	3	0	0	186	1
72	Call to Corpse	-1	1024	65535	127	131071	0	3	0	0	187	1
73	Divine Stun	-1	4	65535	127	131071	0	3	0	0	188	1
75	Slay Undead	-1	4	65535	127	131071	0	3	0	0	190	1
76	Act of Valor	-1	4	65535	127	131071	0	3	0	0	193	1
77	Holy Steed	-1	4	65535	127	131071	0	3	0	0	194	1
78	Fearless	-1	20	65535	127	131071	0	3	0	0	195	1
79	2 Hand Bash	-1	20	65535	127	131071	0	3	0	0	196	1
80	Innate Camouflage	-1	40	65535	127	131071	0	3	0	0	197	1
81	Ambidexterity	-1	16841	65535	127	131071	0	3	0	0	198	1
82	Archery Mastery	-1	8	65535	127	131071	0	3	0	0	199	1
84	Endless Quiver	-1	8	65535	127	131071	0	3	0	0	205	1
85	Unholy Steed	-1	16	65535	127	131071	0	3	0	0	206	1
87	Leech Touch	-1	16	65535	127	131071	0	3	0	0	208	1
89	Soul Abrasion	-1	16	65535	127	131071	0	3	0	0	210	1
90	Instrument Mastery	-1	128	65535	127	131071	0	3	0	0	213	1
94	Jam Fest	-1	128	65535	127	131071	0	3	0	0	225	1
97	Critical Mend	-1	64	65535	127	131071	0	3	0	0	230	1
98	Purify Body	-1	64	65535	127	131071	0	3	0	0	233	1
100	Rapid Feign	-1	64	65535	127	131071	0	3	0	0	237	1
101	Return Kick	-1	64	65535	127	131071	0	3	0	0	240	1
102	Escape	-1	256	65535	127	131071	0	3	0	0	243	1
103	Poison Mastery	6	256	65535	127	131071	0	1	0	0	244	1
104	Double Riposte	-1	49501	65535	127	131071	0	2	0	0	247	1
107	Purge Poison	-1	256	65535	127	131071	0	3	0	0	254	1
108	Flurry	-1	32769	65535	127	131071	0	3	0	0	255	1
109	Rampage	-1	32769	65535	127	131071	0	3	0	0	258	1
110	Area Taunt	-1	1	65535	127	131071	0	3	0	0	259	1
111	War Cry	-1	1	65535	127	131071	0	3	0	0	260	1
112	Bandage Wound	-1	32769	65535	127	131071	0	3	0	0	263	1
114	Spell Casting Fury Mastery	-1	2048	65535	127	131071	0	3	0	0	267	1
116	Dragon Punch	-1	64	65535	127	131071	0	3	0	0	273	1
117	Strong Root	-1	2048	65535	127	131071	0	3	0	0	274	1
118	Singing Mastery	-1	128	65535	127	131071	0	3	0	0	275	1
119	Body and Mind Rejuvenation	-1	16540	65535	127	131071	0	3	0	0	278	1
120	Physical Enhancement	-1	49629	65535	127	131071	0	3	0	0	279	1
121	Adv. Trap Negotiation	-1	384	65535	127	131071	0	3	0	0	280	1
122	Acrobatics	-1	448	65535	127	131071	0	3	0	0	283	1
123	Scribble Notes	-1	128	65535	127	131071	0	3	0	0	286	1
124	Chaotic Stab	-1	256	65535	127	131071	0	3	0	0	287	1
125	Pet Discipline	-1	22032	65535	127	131071	0	3	0	0	288	1
126	Hobble of Spirits	-1	16384	65535	127	131071	0	3	0	0	289	1
127	Frenzy of Spirit	-1	16384	65535	127	131071	0	3	0	0	290	1
128	Paragon of Spirit	-1	16384	65535	127	131071	0	3	0	0	291	1
129	Chains of Purity	-1	4	65535	127	131071	0	3	0	0	10348	1
130	Resplendent Glory	-1	1	65535	127	131071	0	3	0	0	8300	1
131	Rage of Rallos Zek	-1	1	65535	127	131071	0	3	0	0	8303	1
132	Enhanced Area Taunt	-1	1	65535	127	131071	0	3	0	0	8312	1
133	Decapitation	-1	32768	65535	127	131071	0	3	0	0	14200	1
134	Hastened Berserking Disciplines	-1	32768	65535	127	131071	0	3	0	0	14203	1
135	Quiet Miracle	-1	2	65535	127	131071	0	3	0	0	14206	1
136	Repel the Wicked	-1	2	65535	127	131071	0	3	0	0	14207	1
137	Beacon of Life	-1	2	65535	127	131071	0	3	0	0	14208	1
138	Blessed Chains	-1	2	65535	127	131071	0	3	0	0	14209	1
139	Hastened Focused Celestial Regeneration	-1	2	65535	127	131071	0	3	0	0	14213	1
140	Quickened Spirit Calling	-1	512	65535	127	131071	0	3	0	0	14225	1
141	New Tanaan Crafting Mastery	6	65535	65535	127	131071	0	1	0	0	412	1
142	Planar Power	-1	65535	65535	127	131071	0	1	0	0	418	1
143	Planar Durability	-1	1	65535	127	131071	0	3	0	0	423	1
144	Innate Enlightenment	-1	15360	65535	127	131071	0	2	0	0	426	1
146	Unknown AA 8001	9	65535	65535	127	131071	0	1	0	0	8000	0
147	Spiritual Rebuke	-1	512	65535	127	131071	0	3	0	0	14231	1
148	Pathosis	-1	512	65535	127	131071	0	3	0	0	14232	1
149	Preincarnation	-1	544	65535	127	131071	0	3	0	0	14233	1
150	Mastery of the Past	-1	15504	65535	127	131071	0	2	0	0	446	1
151	Spiritual Blessing	-1	512	65535	127	131071	0	3	0	0	14234	1
152	Communion of the Cheetah	-1	512	65535	127	131071	0	3	0	0	14237	1
153	Radiant Cure	-1	546	65535	127	131071	0	2	0	0	459	1
154	Hastened Divinity	-1	2	65535	127	131071	0	3	0	0	462	1
156	Hastened Purification of the Soul	-1	2	65535	127	131071	0	3	0	0	468	1
157	Hastened Gathering	-1	8192	65535	127	131071	0	3	0	0	471	1
158	Hastened Rabidity	-1	512	65535	127	131071	0	3	0	0	474	1
159	Hastened Exodus	-1	2080	65535	127	131071	0	3	0	0	477	1
160	Hastened Root	-1	2048	65535	127	131071	0	3	0	0	480	1
161	Hastened Mending	-1	21504	65535	127	131071	0	3	0	0	483	1
163	Hastened Instigation	-1	1	65535	127	131071	0	3	0	0	489	1
164	Hastened Rampage	-1	32769	65535	127	131071	0	3	0	0	492	1
165	Hastened Purification of the Body	-1	64	65535	127	131071	0	3	0	0	495	1
166	Hasty Exit	-1	256	65535	127	131071	0	3	0	0	498	1
167	Hastened Purification	-1	256	65535	127	131071	0	3	0	0	501	1
168	Hastened Nature's Fury	-1	32	65535	127	131071	0	3	0	0	14241	1
169	Divine Arbitration	-1	2	65535	127	131071	0	3	0	0	507	1
170	Wrath of the Wild	-1	32	65535	127	131071	0	3	0	0	510	1
171	Virulent Paralysis	-1	512	65535	127	131071	0	3	0	0	513	1
172	Harvest of Druzzil	-1	2048	65535	127	131071	0	3	0	0	516	1
173	Eldritch Rune	-1	8192	65535	127	131071	0	3	0	0	517	1
174	Servant of Ro	-1	4096	65535	127	131071	0	3	0	0	520	1
175	Wake the Dead	-1	1024	65535	127	131071	0	3	0	0	523	1
176	Suspended Minion	-1	30224	65535	127	131071	0	2	0	0	526	1
177	Spirit Call	-1	512	65535	127	131071	0	3	0	0	528	1
178	Wrath of the Forest Walker	-1	32	65535	127	131071	0	3	0	0	14244	1
179	Gift of Sylvan Spirits	-1	32	65535	127	131071	0	3	0	0	14249	1
180	Hand of Piety	-1	4	65535	127	131071	0	3	0	0	534	1
181	Mithaniel's Binding	-1	32769	65535	127	131071	0	3	0	0	537	1
182	Summon Personal Tribute Master	5	65535	65535	127	131071	0	4	0	1	5006	1
183	Extended Vinelash Cascade	-1	32	65535	127	131071	0	3	0	0	14254	1
184	Guardian of the Forest	-1	8	65535	127	131071	0	3	0	0	545	1
185	Spirit of the Wood	-1	32	65535	127	131071	0	3	0	0	548	1
186	Bestial Frenzy	-1	16384	65535	127	131071	0	3	0	0	551	1
187	Harmonious Attack	-1	128	65535	127	131071	0	3	0	0	556	1
188	Knight's Advantage	-1	20	65535	127	131071	0	3	0	0	561	1
189	Ferocity	-1	33097	65535	127	131071	0	2	0	0	564	1
190	Viscid Roots	-1	32	65535	127	131071	0	3	0	0	567	1
193	Feigned Minion	-1	1024	65535	127	131071	0	3	0	0	574	1
194	Unfailing Divinity	-1	2	65535	127	131071	0	3	0	0	577	1
195	Animation Empathy	-1	8192	65535	127	131071	0	3	0	0	580	1
196	Rush to Judgment	-1	4	65535	127	131071	0	3	0	0	583	1
197	Living Shield	-1	1	65535	127	131071	0	3	0	0	586	1
198	Consumption of the Soul	-1	16	65535	127	131071	0	3	0	0	589	1
199	Boastful Bellow	-1	128	65535	127	131071	0	3	0	0	592	1
200	Fervent Blessing	-1	4	65535	127	131071	0	3	0	0	593	1
201	Touch of the Wicked	-1	16	65535	127	131071	0	3	0	0	596	1
202	Punishing Blade	-1	32841	65535	127	131071	0	2	0	0	599	1
203	Speed of the Knight	-1	20	65535	127	131071	0	3	0	0	602	1
204	Shroud of Stealth	-1	256	65535	127	131071	0	3	0	0	605	1
205	Nimble Evasion	-1	256	65535	127	131071	0	3	0	0	606	1
206	Technique of Master Wu	-1	64	65535	127	131071	0	3	0	0	611	1
207	Host of the Elements	-1	4096	65535	127	131071	0	3	0	0	616	1
208	Call of Xuzl	-1	2048	65535	127	131071	0	3	0	0	619	1
209	Hastened Stealth	-1	256	65535	127	131071	0	3	0	0	622	1
210	Ingenuity	-1	33089	65535	127	131071	0	2	0	0	625	1
211	Fleet of Foot	-1	128	65535	127	131071	0	3	0	0	628	1
212	Fading Memories	-1	128	65535	127	131071	0	3	0	0	630	1
213	Tactical Mastery	-1	32769	65535	127	131071	0	3	0	0	631	1
214	Theft of Life	-1	1040	65535	127	131071	0	3	0	0	634	1
215	Fury of Magic	-1	13858	65535	127	131071	0	2	0	0	637	1
216	Extended Spirit of the Bear	-1	32	65535	127	131071	0	3	0	0	14259	1
217	Project Illusion	-1	8192	65535	127	131071	0	3	0	0	643	1
218	Headshot	-1	8	65535	127	131071	0	3	0	0	644	1
219	Entrap	-1	40	65535	127	131071	0	3	0	0	645	1
220	Sonic Displacement	-1	128	65535	127	131071	0	3	0	0	13528	1
221	Total Domination	-1	8192	65535	127	131071	0	3	0	0	649	1
222	Stalwart Endurance	-1	32769	65535	127	131071	0	3	0	0	652	1
223	Quick Summoning	-1	4096	65535	127	131071	0	3	0	0	655	1
224	Mental Clarity	-1	32446	65535	127	131071	0	2	0	0	658	1
225	Innate Regeneration	-1	65535	65535	127	131071	0	1	0	0	661	1
227	Extended Notes	-1	128	65535	127	131071	0	3	0	0	665	1
228	Hastened Warder's Gift	-1	16384	65535	127	131071	0	3	0	0	13463	1
229	Improved Reclaim Energy	-1	4096	65535	127	131071	0	3	0	0	671	1
230	Hastened Possum	-1	16384	65535	127	131071	0	3	0	0	13449	1
231	Shauri's Sonorious Clouding	-1	128	65535	127	131071	0	3	0	0	13527	1
232	Veil of the Underbrush	-1	32	65535	127	131071	0	3	0	0	14262	1
233	Packrat	-1	65535	65535	127	131071	0	1	0	0	678	1
234	Heightened Endurance  	-1	33089	65535	127	131071	0	2	0	0	683	1
235	Weapon Affinity	-1	49629	65535	127	131071	0	2	0	0	686	1
236	Secondary Forte	-1	15906	65535	127	131071	0	2	0	0	691	1
237	Persistent Casting	-1	32446	65535	127	131071	0	2	0	0	692	1
238	Tune of Pursuance	-1	128	65535	127	131071	0	3	0	0	695	1
239	Hastened Companion's Sacrifice	-1	16384	65535	127	131071	0	3	0	0	13474	1
240	Cheetah's Pounce	-1	16384	65535	127	131071	0	3	0	0	13483	1
241	Bloodlust	-1	16384	65535	127	131071	0	3	0	0	13484	1
242	Primal Fury	-1	16384	65535	127	131071	0	3	0	0	13485	1
244	Lure of the Siren's Song	-1	128	65535	127	131071	0	3	0	0	13529	1
245	Bestial Alignment	-1	16384	65535	127	131071	0	3	0	0	718	1
246	Hidden Communion of the Cheetah	-1	32	65535	127	131071	0	3	0	0	14265	1
247	Feral Swipe	-1	16384	65535	127	131071	0	3	0	0	723	1
248	Warder's Fury	-1	16384	65535	127	131071	0	3	0	0	724	1
249	Warder's Alacrity	-1	16384	65535	127	131071	0	3	0	0	729	1
250	Pet Affinity	-1	30224	65535	127	131071	0	2	0	0	734	1
251	Mastery of the Past	-1	16942	65535	127	131071	0	2	0	0	735	1
252	Spell Casting Subtlety	-1	546	65535	127	131071	0	2	0	0	738	1
254	Divine Avatar	-1	2	65535	127	131071	0	3	0	0	746	1
255	Exquisite Benediction	-1	2	65535	127	131071	0	3	0	0	749	1
256	Hastened Curing	-1	546	65535	127	131071	0	2	0	0	754	1
257	Nature's Boon	-1	32	65535	127	131071	0	3	0	0	757	1
258	Advanced Tracking	-1	32	65535	127	131071	0	3	0	0	762	1
259	Critical Affliction	-1	18104	65535	127	131071	0	2	0	0	767	1
260	Glacial Arrow	-1	8	65535	127	131071	0	3	0	0	13549	1
261	Doppelganger	-1	8192	65535	127	131071	0	3	0	0	773	1
262	Enhanced Forgetfulness	-1	8192	65535	127	131071	0	3	0	0	776	1
263	Mesmerization Mastery	-1	8192	65535	127	131071	0	3	0	0	781	1
264	Quick Mass Group Buff	-1	8192	65535	127	131071	0	3	0	0	782	1
265	Shared Health	-1	4096	65535	127	131071	0	3	0	0	785	1
266	Elemental Fury	-1	4096	65535	127	131071	0	3	0	0	790	1
267	Elemental Alacrity  	-1	4096	65535	127	131071	0	3	0	0	795	1
268	Elemental Agility	-1	4096	65535	127	131071	0	3	0	0	800	1
269	Elemental Durability	-1	4096	65535	127	131071	0	3	0	0	803	1
270	Sinister Strikes	-1	16841	65535	127	131071	0	3	0	0	806	1
271	Strikethrough	-1	64	65535	127	131071	0	3	0	0	807	1
272	Stonewall	-1	64	65535	127	131071	0	3	0	0	810	1
273	Rapid Strikes 	-1	64	65535	127	131071	0	3	0	0	815	1
274	Kick Mastery	-1	64	65535	127	131071	0	3	0	0	820	1
275	Heightened Awareness	-1	64	65535	127	131071	0	3	0	0	823	1
276	Destructive Force  	-1	64	65535	127	131071	0	3	0	0	828	1
278	Death's Fury  	-1	1040	65535	127	131071	0	3	0	0	834	1
279	Quickening of Death  	-1	1024	65535	127	131071	0	3	0	0	839	1
280	Group Perfected Invisibility to Undead	-1	14336	65535	127	131071	0	3	0	0	14281	1
281	Triple Backstab	-1	256	65535	127	131071	0	3	0	0	846	1
282	Hastened Piety	-1	4	65535	127	131071	0	3	0	0	849	1
283	Immobilizing Bash	-1	20	65535	127	131071	0	3	0	0	852	1
284	Vicious Smash	-1	20	65535	127	131071	0	3	0	0	855	1
285	Radiant Cure	-1	4	65535	127	131071	0	2	0	0	860	1
286	Purification  	-1	4	65535	127	131071	0	3	0	0	863	1
287	Precision of the Pathfinder	-1	8	65535	127	131071	0	3	0	0	864	1
288	Coat of Thistles	-1	8	65535	127	131071	0	3	0	0	867	1
289	Flaming Arrows	-1	8	65535	127	131071	0	3	0	0	872	1
290	Frost Arrows	-1	8	65535	127	131071	0	3	0	0	875	1
291	Perfected Invisibility to Undead	-1	14336	65535	127	131071	0	3	0	0	14282	1
292	Trap Circumvention  	-1	256	65535	127	131071	0	3	0	0	881	1
293	Quickened Stasis	-1	8192	65535	127	131071	0	3	0	0	14283	1
294	Virulent Venom  	-1	256	65535	127	131071	0	3	0	0	888	1
295	Extended Dreary Deeds	-1	8192	65535	127	131071	0	3	0	0	14286	1
296	Intense Hatred	-1	16	65535	127	131071	0	3	0	0	895	1
297	Quickened Frenzied Burnout	-1	4096	65535	127	131071	0	3	0	0	14289	1
299	Sturdiness	-1	1	65535	127	131071	0	3	0	0	907	1
300	Warlord's Tenacity  	-1	1	65535	127	131071	0	3	0	0	912	1
301	Strengthened Strike	-1	9	65535	127	131071	0	3	0	0	915	1
302	Extended Shielding	-1	1	65535	127	131071	0	3	0	0	918	1
303	Ro's Flaming Familiar  	-1	2048	65535	127	131071	0	3	0	0	921	1
304	E'ci's Icy Familiar  	-1	2048	65535	127	131071	0	3	0	0	922	1
305	Druzzil's Mystical Familiar  	-1	2048	65535	127	131071	0	3	0	0	923	1
306	Unknown AA 15819	-1	8	65535	127	131071	0	3	0	0	15819	1
307	Ward of Destruction  	-1	2048	65535	127	131071	0	3	0	0	926	1
308	Frenzied Devastation	-1	2048	65535	127	131071	0	3	0	0	931	1
309	Combat Fury	-1	32769	65535	127	131071	0	2	0	0	934	1
310	Combat Fury	-1	256	65535	127	131071	0	3	0	0	937	1
311	Combat Fury	-1	8	65535	127	131071	0	3	0	0	940	1
312	Quickened Host of the Elements	-1	4096	65535	127	131071	0	3	0	0	14292	1
313	Hastened Companion's Relocation	-1	30224	65535	127	131071	0	3	0	0	14295	1
314	Veteran's Wrath	-1	8	65535	127	131071	0	3	0	0	1047	1
315	Planar Durability	-1	32788	65535	127	131071	0	3	0	0	952	1
316	Innate Enlightenment	-1	546	65535	127	131071	0	2	0	0	955	1
317	Dire Charm	-1	32	65535	127	131071	0	3	0	0	960	1
318	Dire Charm	-1	1024	65535	127	131071	0	3	0	0	961	1
319	Touch of the Divine	-1	2	65535	127	131071	0	3	0	0	962	1
320	Swarm of Decay	-1	1024	65535	127	131071	0	3	0	0	967	1
321	Call of the Ancients	-1	512	65535	127	131071	0	3	0	0	970	1
322	Innate See Invis	-1	65535	65535	127	131071	0	1	0	0	1388	1
323	Virulent Talon	-1	4096	65535	127	131071	0	3	0	0	14307	1
324	Blacksmithing Mastery	6	65535	65535	127	131071	0	1	0	0	979	1
325	Baking Mastery	6	65535	65535	127	131071	0	1	0	0	982	1
326	Brewing Mastery	6	65535	65535	127	131071	0	1	0	0	985	1
327	Fletching Mastery	6	65535	65535	127	131071	0	1	0	0	988	1
328	Pottery Mastery	6	65535	65535	127	131071	0	1	0	0	991	1
329	Tailoring Mastery	6	65535	65535	127	131071	0	1	0	0	994	1
330	Salvage	6	65535	65535	127	131071	0	1	0	0	997	1
331	Origin	9	65535	65535	127	131071	0	1	0	0	1000	1
333	Discordant Defiance	-1	65535	65535	127	131071	0	1	0	0	1006	1
334	Mystical Attuning	-1	65535	65535	127	131071	0	1	0	0	1021	1
335	Delay Death	-1	65535	65535	127	131071	0	1	0	0	1026	1
336	Earthen Brawn	-1	65535	65535	127	131071	0	1	0	0	8263	1
337	Unknown AA 15798	-1	8	65535	127	131071	0	3	0	0	15798	1
338	Veteran's Wrath	-1	16596	65535	127	131071	0	2	0	0	1041	1
339	Veteran's Wrath	-1	256	65535	127	131071	0	3	0	0	1044	1
340	Unknown AA 15833	-1	2	65535	127	131071	0	3	0	0	15833	1
341	Veteran's Wrath	-1	32769	65535	127	131071	0	3	0	0	1050	1
342	Staff Block	-1	15360	65535	127	131071	0	2	0	0	14301	1
343	Hastened Pestilent Paralysis	-1	1024	65535	127	131071	0	3	0	0	14308	1
344	Hastened Mercurial Torment	-1	1024	65535	127	131071	0	3	0	0	14311	1
345	Unknown AA 15768	-1	4	65535	127	131071	0	3	0	0	15768	1
346	Unknown AA 15771	-1	65535	65535	127	131071	0	1	0	0	15771	1
347	Mnemonic Retention	-1	32446	65535	127	131071	0	2	0	0	1071	1
348	Expansive Mind	-1	32446	65535	127	131071	0	2	0	0	1072	1
350	Death's Malaise	-1	1024	65535	127	131071	0	3	0	0	14321	1
351	Dying Grasp	-1	1024	65535	127	131071	0	3	0	0	14322	1
352	Arcane Tongues	6	15360	65535	127	131071	0	2	0	0	1089	1
353	Master of Disguise	-1	384	65535	127	131071	0	3	0	0	1092	1
354	Slippery Attacks	-1	16841	65535	127	131071	0	2	0	0	1093	1
355	Unknown AA 15836	-1	2	65535	127	131071	0	3	0	0	15836	1
357	Unknown AA 16176	-1	8	65535	127	131071	0	3	0	0	16176	1
358	Fury of Magic	-1	16540	65535	127	131071	0	2	0	0	1107	1
359	Dance of Blades	-1	128	65535	127	131071	0	3	0	0	1110	1
360	Bloodthirsty Blade	-1	16	65535	127	131071	0	3	0	0	13616	1
361	Shield of Notes	-1	128	65535	127	131071	0	3	0	0	1116	1
362	Roar of Thunder	-1	16384	65535	127	131071	0	3	0	0	1119	1
363	Unknown AA 16179	-1	8	65535	127	131071	0	3	0	0	16179	1
364	Persistent Minion	-1	30224	65535	127	131071	0	2	0	0	1122	1
365	A Hole In Space	-1	2048	65535	127	131071	0	3	0	0	14323	1
366	Advanced Pet Discipline	-1	22032	65535	127	131071	0	3	0	0	1129	1
367	Throwing Mastery	-1	32768	65535	127	131071	0	3	0	0	1131	1
368	Blur of Axes	-1	32768	65535	127	131071	0	3	0	0	1134	1
369	Hastened War Cry	-1	32768	65535	127	131071	0	3	0	0	1137	1
370	Dead Aim	-1	32768	65535	127	131071	0	3	0	0	1140	1
371	Frenzied Defense	-1	32768	65535	127	131071	0	3	0	0	1166	1
372	Tireless Sprint	-1	32768	65535	127	131071	0	3	0	0	1146	1
373	Desperation	-1	32768	65535	127	131071	0	3	0	0	1149	1
374	Untamed Rage	-1	32768	65535	127	131071	0	3	0	0	1150	1
375	Echoing Cries	-1	32768	65535	127	131071	0	3	0	0	1155	1
376	Distant Strike	-1	64	65535	127	131071	0	3	0	0	14372	1
377	Earthen Stability	-1	65535	65535	127	131071	0	1	0	0	8268	1
378	Earthen Alacrity	-1	65535	65535	127	131071	0	1	0	0	8273	1
379	Earthen Artistry	-1	65535	65535	127	131071	0	1	0	0	8278	1
380	Earthen Sagacity	-1	65535	65535	127	131071	0	1	0	0	8283	1
381	Earthen Brilliance	-1	65535	65535	127	131071	0	1	0	0	8288	1
382	Earthen Allure	-1	65535	65535	127	131071	0	1	0	0	8293	1
383	Extended Spirit of the Wood	-1	32	65535	127	131071	0	3	0	0	12646	1
384	Spirit of the Bear	-1	32	65535	127	131071	0	3	0	0	12651	1
385	Twinheal	-1	16942	65535	127	131071	0	2	0	0	12652	1
386	Nature's Fury	-1	32	65535	127	131071	0	3	0	0	12661	1
387	Blood Pact	-1	32768	65535	127	131071	0	3	0	0	1178	1
388	Shielding Resistance	-1	16841	65535	127	131071	0	2	0	0	1181	1
389	Healing Boon	-1	518	65535	127	131071	0	2	0	0	1186	1
390	Elemental Union	-1	4096	65535	127	131071	0	3	0	0	13695	1
391	Celestial Hammer	-1	2	65535	127	131071	0	3	0	0	1192	1
392	Divine Retribution	-1	2	65535	127	131071	0	3	0	0	1195	1
393	Nature's Blessing	-1	32	65535	127	131071	0	3	0	0	12655	1
394	Extended Convergence of Spirit	-1	32	65535	127	131071	0	3	0	0	12645	1
395	Hastened Storm Strike	-1	32	65535	127	131071	0	3	0	0	12664	1
396	Sanctuary	-1	2	65535	127	131071	0	3	0	0	1209	1
397	Destructive Fury	-1	2048	65535	127	131071	0	2	0	0	1210	1
398	Destructive Fury	-1	13858	65535	127	131071	0	2	0	0	1213	1
399	Unknown AA 16180	-1	8	65535	127	131071	0	3	0	0	16180	1
400	Hastened Improved Twincast	-1	14370	65535	127	131071	0	3	0	0	14331	1
401	Extended Heel of Kanji	-1	64	65535	127	131071	0	3	0	0	12688	1
402	Extended Scaledfist	-1	64	65535	127	131071	0	3	0	0	12691	1
403	Paralytic Spores	-1	544	65535	127	131071	0	3	0	0	14264	1
404	Call of the Wild	-1	544	65535	127	131071	0	3	0	0	1228	1
405	Secondary Recall	-1	2080	65535	127	131071	0	3	0	0	1229	1
406	Nature's Bounty	-1	40	65535	127	131071	0	3	0	0	1230	1
407	Extended Speed Focus	-1	64	65535	127	131071	0	3	0	0	7884	1
408	Extended Crystalpalm	-1	64	65535	127	131071	0	3	0	0	7885	1
409	Stasis	-1	8192	65535	127	131071	0	3	0	0	1233	1
410	Fists of Steel	-1	64	65535	127	131071	0	3	0	0	12706	1
411	Extended Deftdance	-1	128	65535	127	131071	0	3	0	0	12709	1
412	Color Shock	-1	8192	65535	127	131071	0	3	0	0	1239	1
413	Mind Over Matter	-1	8192	65535	127	131071	0	3	0	0	1242	1
414	Soothing Words	-1	8192	65535	127	131071	0	3	0	0	1245	1
415	Hastened Deftdance	-1	128	65535	127	131071	0	3	0	0	12710	1
416	Hastened Lyre Leap	-1	128	65535	127	131071	0	3	0	0	12713	1
417	Hastened Quick Time	-1	128	65535	127	131071	0	3	0	0	12716	1
418	Replenish Companion	-1	21504	65535	127	131071	0	3	0	0	1126	1
419	Extended Quick Time	-1	128	65535	127	131071	0	3	0	0	12719	1
420	Imitate Death	-1	64	65535	127	131071	0	3	0	0	1255	1
424	Extended Fierce Eye	-1	128	65535	127	131071	0	3	0	0	12720	1
425	Hastened Fierce Eye	-1	128	65535	127	131071	0	3	0	0	12721	1
426	Unknown AA 15904	-1	2080	65535	127	131071	0	3	0	0	15904	1
427	Resounding Dirge	-1	128	65535	127	131071	0	3	0	0	12737	1
428	Death Peace	-1	1040	65535	127	131071	0	3	0	0	1272	1
429	Unknown AA 15908	-1	64	65535	127	131071	0	3	0	0	15908	1
430	Mercurial Torment	-1	1024	65535	127	131071	0	3	0	0	12766	1
431	Pestilent Paralysis	-1	1024	65535	127	131071	0	3	0	0	12770	1
432	Hastened Divine Companion Aura	-1	30224	65535	127	131071	0	3	0	0	12773	1
433	Embalmer's Carapace	-1	1024	65535	127	131071	0	3	0	0	12778	1
434	Steadfast Will	-1	20	65535	127	131071	0	3	0	0	1284	1
435	Shield Block	-1	21	65535	127	131071	0	2	0	0	1287	1
436	Hastened Encroaching Darkness	-1	1024	65535	127	131071	0	3	0	0	12779	1
437	Tracking Mastery	-1	8	65535	127	131071	0	3	0	0	1296	1
438	Expanding Darkness	-1	1024	65535	127	131071	0	3	0	0	12782	1
439	Precision	-1	256	65535	127	131071	0	3	0	0	1304	1
440	Nerves of Steel	-1	256	65535	127	131071	0	3	0	0	1307	1
441	Aegis of Kildrukaun	-1	5120	65535	127	131071	0	3	0	0	12785	1
442	Touch of the Cursed	-1	16	65535	127	131071	0	3	0	0	1313	1
443	Bestial Bloodrage	-1	16384	65535	127	131071	0	3	0	0	12804	1
444	Companion's Sacrifice	-1	16384	65535	127	131071	0	3	0	0	12807	1
445	Shield Block	-1	16384	65535	127	131071	0	2	0	0	12813	1
446	Spiritual Channeling	-1	512	65535	127	131071	0	3	0	0	1323	1
447	Ancestral Aid	-1	512	65535	127	131071	0	3	0	0	1327	1
448	Extended Feralgia	-1	16384	65535	127	131071	0	3	0	0	12816	1
450	Hastened Protective Spirit	-1	16384	65535	127	131071	0	3	0	0	12819	1
451	Mind Crash	-1	2048	65535	127	131071	0	3	0	0	1334	1
452	Prolonged Destruction	-1	2048	65535	127	131071	0	3	0	0	1337	1
453	Summon Permutation Peddler	5	65535	65535	127	131071	0	4	0	1	9032	1
454	Hastened Empathic Fury	-1	16384	65535	127	131071	0	3	0	0	12822	1
455	Convergence of Spirits	-1	8	65535	127	131071	0	3	0	0	13556	1
456	Teleport Bind	-1	2048	65535	127	131071	0	3	0	0	1343	1
457	Quickened Paragon of Spirit	-1	16384	65535	127	131071	0	3	0	0	12831	1
458	Warder's Gift	-1	16384	65535	127	131071	0	3	0	0	12837	1
459	Gelid Rending	-1	16384	65535	127	131071	0	3	0	0	12846	1
460	Quickened Nature's Salve	-1	16384	65535	127	131071	0	3	0	0	12849	1
462	Auspice of the Hunter	-1	8	65535	127	131071	0	3	0	0	1345	1
463	Divine Guardian	-1	2	65535	127	131071	0	3	0	0	13385	1
464	Divine Peace	-1	2	65535	127	131071	0	3	0	0	13388	1
465	Savage Spirit	-1	32768	65535	127	131071	0	3	0	0	1348	1
466	Trials of Mata Muram	2	65535	65535	127	131071	0	4	0	1	1011	1
467	Press the Attack	-1	1	65535	127	131071	0	3	0	0	1351	1
468	Crippling Strike	-1	64	65535	127	131071	0	3	0	0	1352	1
469	Stunning Kick	-1	64	65535	127	131071	0	3	0	0	1355	1
470	Eye Gouge	-1	64	65535	127	131071	0	3	0	0	1358	1
471	Gift of the Dark Reign	2	65535	65535	127	131071	0	4	0	1	1361	1
472	Tenacity of the Dark Reign	2	65535	65535	127	131071	0	4	0	1	1362	1
473	Embrace of the Dark Reign	2	65535	65535	127	131071	0	4	0	1	1363	1
474	Power of the Dark Reign	2	65535	65535	127	131071	0	4	0	1	1364	1
475	Fervor of the Dark Reign	2	65535	65535	127	131071	0	4	0	1	1365	1
476	Gift of the Keepers	2	65535	65535	127	131071	0	4	0	1	1366	1
477	Valor of the Keepers	2	65535	65535	127	131071	0	4	0	1	1367	1
478	Embrace of the Keepers	2	65535	65535	127	131071	0	4	0	1	1368	1
479	Power of the Keepers	2	65535	65535	127	131071	0	4	0	1	1369	1
480	Sanctity of the Keepers	2	65535	65535	127	131071	0	4	0	1	1370	1
481	Lesson of the Devoted	5	65535	65535	127	131071	0	4	0	1	1371	1
482	Infusion of the Faithful	5	65535	65535	127	131071	0	4	0	1	1372	1
483	Chaotic Jester	5	65535	65535	127	131071	0	4	0	1	1373	1
484	Expedient Recovery	5	65535	65535	127	131071	0	4	0	1	1374	1
485	Steadfast Servant	5	65535	65535	127	131071	0	4	0	1	1375	1
486	Staunch Recovery	5	65535	65535	127	131071	0	4	0	1	1376	1
487	Intensity of the Resolute	5	65535	65535	127	131071	0	4	0	1	1377	1
488	Curse of Blood	2	65535	65535	127	131071	0	4	0	1	1378	1
489	Yaulp	-1	6	65535	127	131071	0	3	0	0	13389	1
490	Abscond	-1	2048	65535	127	131071	0	3	0	0	12864	1
491	Atol's Unresistable Shackles	-1	2048	65535	127	131071	0	3	0	0	12865	1
492	Dimensional Shield	-1	14336	65535	127	131071	0	3	0	0	12866	1
493	Improved Sustained Destruction	-1	2048	65535	127	131071	0	3	0	0	12867	1
494	Silent Casting	-1	546	65535	127	131071	0	2	0	0	1409	1
495	Gift of Mana	-1	15906	65535	127	131071	0	2	0	0	1435	1
496	Field Dressing	-1	32769	65535	127	131071	0	3	0	0	1611	1
497	Bandage Wounds	-1	32766	65535	127	131071	0	1	0	0	1420	1
498	Enhanced Aggression	-1	49629	65535	127	131071	0	2	0	0	1592	1
499	Cascading Rage	-1	32768	65535	127	131071	0	3	0	0	1425	1
500	Silent Casting	-1	15360	65535	127	131071	0	2	0	0	1404	1
501	E'ci's Icy Blessing	-1	2048	65535	127	131071	0	3	0	0	12886	1
503	Hastened Thunder	-1	16384	65535	127	131071	0	3	0	0	1471	1
504	Conservation	-1	32768	65535	127	131071	0	3	0	0	1453	1
505	Cry of Battle	-1	32768	65535	127	131071	0	3	0	0	1458	1
506	Ward of Purity	-1	2	65535	127	131071	0	3	0	0	1459	1
507	Ro's Fiery Blessing	-1	2048	65535	127	131071	0	3	0	0	12887	1
508	Druzzil's Mystical Blessing	-1	2048	65535	127	131071	0	3	0	0	12888	1
509	Kerafyrm's Favor	-1	2048	65535	127	131071	0	3	0	0	12889	1
510	Kerafyrm's Prismatic Familiar	-1	2048	65535	127	131071	0	3	0	0	12892	1
511	Throne of Heroes	5	65535	65535	127	131071	0	4	0	1	4665	1
512	Translocational Anchor	-1	2048	65535	127	131071	0	3	0	0	1630	1
513	Hastened Phantasmal Opponent	-1	8192	65535	127	131071	0	3	0	0	12894	1
514	Pyromancy	-1	2048	65535	127	131071	0	3	0	0	1478	1
515	Improved Twincast	-1	14370	65535	127	131071	0	3	0	0	12893	1
516	Abundant Healing	-1	546	65535	127	131071	0	2	0	0	1486	1
517	Hastened First Spire of Enchantment	-1	8192	65535	127	131071	0	3	0	0	12902	1
518	Shared Camouflage	-1	40	65535	127	131071	0	3	0	0	1494	1
519	Convergence of Spirits	-1	32	65535	127	131071	0	3	0	0	1495	1
520	Nature's Guardian	-1	32	65535	127	131071	0	3	0	0	1498	1
521	Edict of Command	-1	8192	65535	127	131071	0	3	0	0	1501	1
522	Extended Burnout	-1	4096	65535	127	131071	0	3	0	0	1504	1
523	Hastened Second Spire of Enchantment	-1	8192	65535	127	131071	0	3	0	0	12907	1
524	Blood Magic	-1	1024	65535	127	131071	0	3	0	0	1510	1
525	Graverobbing	-1	1024	65535	127	131071	0	3	0	0	1511	1
526	Affliction Mastery	-1	1568	65535	127	131071	0	3	0	0	1514	1
527	Hastened Third Spire of Enchantment	-1	8192	65535	127	131071	0	3	0	0	12912	1
528	Ancestral Guard	-1	512	65535	127	131071	0	3	0	0	1520	1
529	Cloak of Light	-1	4	65535	127	131071	0	3	0	0	1523	1
530	Profound Visage	-1	8192	65535	127	131071	0	3	0	0	12920	1
531	Cloak of Shadows	-1	1040	65535	127	131071	0	3	0	0	1527	1
532	Willful Death	-1	1040	65535	127	131071	0	3	0	0	1528	1
533	Unknown AA 16016	-1	1024	65535	127	131071	0	3	0	0	16016	1
534	Calculated Insanity	-1	8192	65535	127	131071	0	3	0	0	12931	1
535	Crippling Aurora	-1	8192	65535	127	131071	0	3	0	0	12937	1
536	Appraisal	-1	256	65535	127	131071	0	3	0	0	1542	1
537	Precise Strikes	-1	256	65535	127	131071	0	3	0	0	1543	1
538	Hastened Death	-1	64	65535	127	131071	0	3	0	0	1546	1
539	Unflinching Resolve	-1	64	65535	127	131071	0	3	0	0	1549	1
540	Weightless Steps	-1	64	65535	127	131071	0	3	0	0	1552	1
541	Hastened Blades	-1	128	65535	127	131071	0	3	0	0	1555	1
542	Unknown AA 16071	-1	8192	65535	127	131071	0	3	0	0	16071	1
543	Diminutive Companion	-1	20480	65535	127	131071	0	3	0	0	12941	1
544	Song of Stone	-1	128	65535	127	131071	0	3	0	0	1569	1
545	Deep Sleep	-1	8192	65535	127	131071	0	3	0	0	1572	1
546	Companion's Gift	-1	4096	65535	127	131071	0	3	0	0	1577	1
547	Unknown AA 16081	-1	15360	65535	127	131071	0	3	0	0	16081	1
548	Hastened Defiance	-1	1	65535	127	131071	0	3	0	0	1583	1
549	Dauntless Perseverance	-1	1	65535	127	131071	0	3	0	0	1591	1
550	Steadfast Resolve	-1	16384	65535	127	131071	0	3	0	0	14275	1
551	Hastened Mind Crash	-1	2048	65535	127	131071	0	3	0	0	1414	1
552	Call of Challenge	-1	1	65535	127	131071	0	3	0	0	1597	1
553	Cacophony	-1	128	65535	127	131071	0	3	0	0	1598	1
554	Hastened Nightmare Stasis	-1	8192	65535	127	131071	0	3	0	0	14341	1
555	Anatomy	-1	256	65535	127	131071	0	3	0	0	1604	1
556	Scintillating Beam	-1	8192	65535	127	131071	0	3	0	0	14346	1
557	Trick Shot	-1	8	65535	127	131071	0	3	0	0	1608	1
558	Turn Undead	-1	2	65535	127	131071	0	3	0	0	1383	1
559	Turn Summoned	-1	4096	65535	127	131071	0	3	0	0	1462	1
560	Selo's Enduring Cadence	-1	128	65535	127	131071	0	3	0	0	1627	1
561	Hastened Harvest of Druzzil	-1	2048	65535	127	131071	0	3	0	0	12881	1
562	Lightning Strikes	-1	8	65535	127	131071	0	3	0	0	1616	1
563	Concentration	-1	33089	65535	127	131071	0	2	0	0	1588	1
565	Mana Burn	-1	2048	65535	127	131071	0	3	0	0	1638	1
567	Unknown AA 16146	-1	2	65535	127	131071	0	3	0	0	16146	1
568	Thief's Intuition	-1	256	65535	127	131071	0	3	0	0	1641	1
569	Thief's Intuition	-1	128	65535	127	131071	0	3	0	0	1642	1
570	Valiant Steed	-1	4	65535	127	131071	0	3	0	0	1645	1
571	Abyssal Steed	-1	16	65535	127	131071	0	3	0	0	1646	1
572	Holy Warhorse	-1	4	65535	127	131071	0	3	0	1	1643	1
573	Unholy Warhorse	-1	16	65535	127	131071	0	3	0	1	1644	1
574	Harmonic Dissonance	2	65535	65535	127	131071	0	4	0	1	1647	1
575	Tinkering Mastery	6	15639	65535	127	131071	0	1	0	1	4672	1
576	Jewel Craft Mastery 	6	57343	65535	127	131071	0	1	0	0	4675	1
577	Concussive Intuition	-1	2048	65535	127	131071	0	3	0	0	12885	1
578	Glyph Spray	-1	8192	65535	127	131071	0	3	0	0	12939	1
579	Combat Medic 	-1	32766	65535	127	131071	0	1	0	0	4688	1
580	Hastened Outrider's Accuracy	-1	8	65535	127	131071	0	3	0	0	13565	1
581	Quick Draw	-1	65535	65535	127	131071	0	1	0	0	4698	1
582	Battle Ready	-1	65535	65535	127	131071	0	1	0	0	4699	1
583	Hastened Outrider's Evasion	-1	8	65535	127	131071	0	3	0	0	13568	1
584	Grasp of Sylvan Spirits	-1	8	65535	127	131071	0	3	0	0	13571	1
585	Glyph of Dragon Scales	7	65535	65535	127	131071	0	4	1	0	4702	1
586	Glyph of Indeterminable Reward	7	65535	65535	127	131071	0	4	1	0	13788	1
587	Glyph of Arcane Secrets	7	32318	65535	127	131071	0	4	1	0	4704	1
588	Glyph of Draconic Potential	7	65535	65535	127	131071	0	4	1	0	4705	1
589	Glyph of Destruction	7	65535	65535	127	131071	0	4	1	0	4706	1
590	Breath of Atathus	8	65535	65535	127	131071	0	4	0	1	5150	1
591	Breath of Draton'ra	8	65535	65535	127	131071	0	4	0	1	5165	1
592	Breath of Osh'vir	8	65535	65535	127	131071	0	4	0	1	5180	1
593	Breath of Venesh	8	65535	65535	127	131071	0	4	0	1	5195	1
594	Breath of Mysaphar	8	65535	65535	127	131071	0	4	0	1	5210	1
595	Breath of Keikolin	8	65535	65535	127	131071	0	4	0	1	5225	1
596	Small Modulation Shard	-1	4096	65535	127	131071	0	3	0	0	12963	1
597	Medium Modulation Shard	-1	4096	65535	127	131071	0	3	0	0	12964	1
598	Large Modulation Shard	-1	4096	65535	127	131071	0	3	0	0	12965	1
599	Hastened Malosinete	-1	4608	65535	127	131071	0	3	0	0	12968	1
600	Blessing of the Devoted	5	65535	65535	127	131071	0	4	0	1	9033	1
601	Grappling Strike	-1	65	65535	127	131071	0	3	0	0	4836	1
602	Mental Contortion	-1	8192	65535	127	131071	0	3	0	0	12938	1
603	Shield of the Elements	-1	4096	65535	127	131071	0	3	0	0	12971	1
604	Extended Malosinete	-1	4608	65535	127	131071	0	3	0	0	12977	1
605	Shield Specialist	-1	1	65535	127	131071	0	3	0	0	4844	1
606	Mark of the Mage Hunter	-1	1	65535	127	131071	0	3	0	0	4849	1
609	Uncanny Resilience	-1	32768	65535	127	131071	0	3	0	0	4854	1
610	Blinding Fury	-1	32768	65535	127	131071	0	3	0	0	4857	1
611	Battle Leap	-1	32769	65535	127	131071	0	3	0	0	4860	1
612	Soul Seeker	-1	1024	65535	127	131071	0	3	0	0	4861	1
613	Lingering Death	-1	1024	65535	127	131071	0	3	0	0	13096	1
614	Spirit Guardian	-1	512	65535	127	131071	0	3	0	0	5369	1
615	Surreality	-1	8192	65535	127	131071	0	3	0	0	4887	1
616	Mana Draw	-1	8192	65535	127	131071	0	3	0	0	4890	1
617	Doppelganger's Beckon	-1	8192	65535	127	131071	0	3	0	0	5127	1
618	Armor of Ancestral Spirits	-1	512	65535	127	131071	0	3	0	0	12989	1
619	Group Pact of the Wolf	-1	512	65535	127	131071	0	3	0	0	12992	1
620	Hastened Inconspicuous Totem	-1	512	65535	127	131071	0	3	0	0	13001	1
621	Fire Core	-1	4096	65535	127	131071	0	3	0	0	4903	1
622	Vapor Core	-1	4096	65535	127	131071	0	3	0	0	4906	1
623	Ice Core 	-1	4096	65535	127	131071	0	3	0	0	4909	1
624	Stone Core 	-1	4096	65535	127	131071	0	3	0	0	4912	1
625	Volatile Mana Blaze	-1	2048	65535	127	131071	0	3	0	0	4915	1
626	Purified Spirits	-1	546	65535	127	131071	0	3	0	0	13004	1
627	Group Spirit Walk	-1	512	65535	127	131071	0	3	0	0	13008	1
628	Greater Blood Tithe	-1	1024	65535	127	131071	0	3	0	0	4924	1
629	Gathering Dusk	-1	1024	65535	127	131071	0	3	0	0	4927	1
630	Group Silent Presence	-1	512	65535	127	131071	0	3	0	0	13009	1
631	Double Attack	-1	512	65535	127	131071	0	3	0	0	5366	1
632	Sanguine Mind Crystal	-1	8192	65535	127	131071	0	3	0	0	4934	1
633	Azure Mind Crystal	-1	8192	65535	127	131071	0	3	0	0	4935	1
634	Hastened Cannibalization	-1	512	65535	127	131071	0	3	0	0	13010	1
635	Hastened Spirit Channeling	-1	512	65535	127	131071	0	3	0	0	13013	1
636	Arcane Whisper	-1	14336	65535	127	131071	0	3	0	0	4938	1
637	Vengeful Spirits	-1	9776	65535	127	131071	0	3	0	0	13017	1
638	Crippling Apparition	-1	512	65535	127	131071	0	3	0	0	13020	1
639	Dimensional Instability	-1	14336	65535	127	131071	0	3	0	0	4943	1
640	Cryomancy	-1	2048	65535	127	131071	0	3	0	0	4944	1
641	Hastened Self Preservation	-1	32768	65535	127	131071	0	3	0	0	13055	1
642	Binding Axe	-1	32768	65535	127	131071	0	3	0	0	13065	1
643	Agony of Absolution	-1	32768	65535	127	131071	0	3	0	0	13066	1
644	Hastened Absolution	-1	32768	65535	127	131071	0	3	0	0	13067	1
645	Hastened Calculated Insanity	-1	8192	65535	127	131071	0	3	0	0	13753	1
646	Hastened Mental Contortion	-1	8192	65535	127	131071	0	3	0	0	13758	1
647	Hastened Crippling Aurora	-1	8192	65535	127	131071	0	3	0	0	13764	1
649	Hastened Leech Touch	-1	16	65535	127	131071	0	3	0	0	14046	1
650	Bony Grasp of Death	-1	16	65535	127	131071	0	3	0	0	14051	1
651	Thought Leech	-1	16	65535	127	131071	0	3	0	0	14052	1
652	Hastened Leechcurse Discipline	-1	16	65535	127	131071	0	3	0	0	14056	1
653	Hastened Unholy Aura Discipline	-1	16	65535	127	131071	0	3	0	0	14059	1
654	Hastened Harmshield	-1	1040	65535	127	131071	0	3	0	0	14062	1
655	Hastened Projection of Doom	-1	16	65535	127	131071	0	3	0	0	14065	1
656	Hastened Projection of Piety	-1	4	65535	127	131071	0	3	0	0	14068	1
657	Shield of Brilliance	-1	4	65535	127	131071	0	3	0	0	14071	1
658	Hastened Sanctification Discipline	-1	4	65535	127	131071	0	3	0	0	14076	1
659	Speed of the Savior	-1	4	65535	127	131071	0	3	0	0	14080	1
660	Divine Call	-1	4	65535	127	131071	0	3	0	0	14081	1
661	Hunter's Fury	-1	8	65535	127	131071	0	3	0	0	5248	1
662	Union of Spirits	-1	512	65535	127	131071	0	3	0	0	5251	1
663	Quickened Stuns	-1	4	65535	127	131071	0	3	0	0	14100	1
664	Extended Outrider's Attack	-1	8	65535	127	131071	0	3	0	0	14115	1
665	Death's Wrath	-1	1024	65535	127	131071	0	3	0	0	5264	1
666	Taste of Blood	-1	16384	65535	127	131071	0	3	0	0	5015	1
667	Summoner's Beckon	-1	4096	65535	127	131071	0	3	0	0	5269	1
668	Hymn of the Last Stand	-1	128	65535	127	131071	0	3	0	0	5017	1
669	Bladed Song	-1	128	65535	127	131071	0	3	0	0	5020	1
670	Twisted Shank	-1	256	65535	127	131071	0	3	0	0	5021	1
671	Dirty Fighting	-1	256	65535	127	131071	0	3	0	0	5022	1
672	Ligament Slice	-1	256	65535	127	131071	0	3	0	0	5025	1
673	Tumble	-1	256	65535	127	131071	0	3	0	0	5028	1
674	Unknown AA 16149	-1	2	65535	127	131071	0	3	0	0	16149	1
675	Shrink	-1	512	65535	127	131071	0	3	0	0	14224	1
676	Convergence	-1	1024	65535	127	131071	0	3	0	0	14358	1
677	Gift of Deathly Resolve	-1	1024	65535	127	131071	0	3	0	0	14359	1
678	Unknown AA 16082	-1	2080	65535	127	131071	0	3	0	0	16082	1
679	Unknown AA 16083	-1	15906	65535	127	131071	0	2	0	0	16083	1
680	Unknown AA 16084	-1	2048	65535	127	131071	0	3	0	0	16084	1
681	Unknown AA 16087	-1	2048	65535	127	131071	0	3	0	0	16087	1
682	Unknown AA 16096	-1	8	65535	127	131071	0	3	0	0	16096	1
683	Unknown AA 16097	-1	8	65535	127	131071	0	3	0	0	16097	1
684	Unknown AA 16104	-1	1	65535	127	131071	0	3	0	0	16104	1
685	Unknown AA 16105	-1	1	65535	127	131071	0	3	0	0	16105	1
686	Unknown AA 16106	-1	1	65535	127	131071	0	3	0	0	16106	1
687	Unknown AA 16107	-1	1	65535	127	131071	0	3	0	0	16107	1
688	Unknown AA 16108	-1	1	65535	127	131071	0	3	0	0	16108	1
689	Combat Medic 	-1	32769	65535	127	131071	0	3	0	0	5136	1
690	Unknown AA 16109	-1	1	65535	127	131071	0	3	0	0	16109	1
691	Unknown AA 16113	-1	1	65535	127	131071	0	3	0	0	16113	1
692	Unknown AA 16114	-1	1	65535	127	131071	0	3	0	0	16114	1
693	Unknown AA 16117	-1	1	65535	127	131071	0	3	0	0	16117	1
694	Unknown AA 16120	-1	1	65535	127	131071	0	3	0	0	16120	1
695	Unknown AA 16152	-1	2	65535	127	131071	0	3	0	0	16152	1
696	Unknown AA 16156	-1	2	65535	127	131071	0	3	0	0	16156	1
697	Mortal Coil	-1	16	65535	127	131071	0	3	0	0	5085	1
698	Hastened Purified Spirits	-1	546	65535	127	131071	0	3	0	0	13416	1
699	Swarm of Fireflies	-1	32	65535	127	131071	0	3	0	0	13419	1
700	Unknown AA 16159	-1	2	65535	127	131071	0	3	0	0	16159	1
701	Armor of the Inquisitor	-1	4	65535	127	131071	0	3	0	0	5095	1
702	Hand of Disruption	-1	4	65535	127	131071	0	3	0	0	5098	1
703	Quickened Death Bloom	-1	1024	65535	127	131071	0	3	0	0	14318	1
704	Hero's Barracks	9	65535	65535	127	131071	0	4	0	1	14367	1
705	Spirit of the White Wolf	-1	32	65535	127	131071	0	3	0	0	5105	1
706	Unknown AA 16160	-1	2	65535	127	131071	0	3	0	0	16160	1
707	Pact of the Wolf	-1	512	65535	127	131071	0	3	0	0	5109	1
708	Enchant Alaran Metal	-1	8192	65535	127	131071	0	3	0	1	13271	1
709	Mass Enchant Alaran Metal	-1	8192	65535	127	131071	0	3	0	1	13272	1
710	Funeral Pyre	-1	1024	65535	127	131071	0	3	0	0	14360	1
711	Unknown AA 16162	-1	2	65535	127	131071	0	3	0	0	16162	1
712	Hastened Sanctuary	-1	2	65535	127	131071	0	3	0	0	5118	1
713	Etherium Blades	-1	256	65535	127	131071	0	3	0	0	14129	1
714	Hastened Assassination Disciplines	-1	256	65535	127	131071	0	3	0	0	14135	1
715	Cunning Disguise: Shissar	-1	256	65535	127	131071	0	3	0	0	14139	1
716	Scout's Mastery of Piercing	-1	256	65535	127	131071	0	3	0	0	14141	1
717	Extended Envenomed Blades	-1	256	65535	127	131071	0	3	0	0	14144	1
718	Heel of Brithrax	-1	64	65535	127	131071	0	3	0	0	14151	1
719	Extended Zan Fi's Whistle	-1	64	65535	127	131071	0	3	0	0	14163	1
720	Hastened Marr's Salvation	-1	4	65535	127	131071	0	3	0	0	14088	1
721	Hastened Armor of the Inquisitor	-1	4	65535	127	131071	0	3	0	0	14091	1
722	Hastened Drape of Shadows	-1	4096	65535	127	131071	0	3	0	0	14304	1
723	Unknown AA 16185	-1	8	65535	127	131071	0	3	0	0	16185	1
724	Hastened Eldritch Rune	-1	8192	65535	127	131071	0	3	0	0	14364	1
725	Unknown AA 16124	-1	4	65535	127	131071	0	3	0	0	16124	1
726	Unknown AA 16128	-1	4	65535	127	131071	0	3	0	0	16128	1
727	Unknown AA 16131	-1	4	65535	127	131071	0	3	0	0	16131	1
728	Unknown AA 16137	-1	4	65535	127	131071	0	3	0	0	16137	1
729	Unknown AA 16140	-1	6	65535	127	131071	0	3	0	0	16140	1
730	Unknown AA 16186	-1	9	65535	127	131071	0	3	0	0	16186	1
731	Unknown AA 16188	-1	16	65535	127	131071	0	3	0	0	16188	1
732	Unknown AA 16195	-1	16	65535	127	131071	0	3	0	0	16195	1
733	Killing Spree	-1	33089	65535	127	131071	0	2	0	0	4739	1
734	Hold the Line	-1	32833	65535	127	131071	0	3	0	0	4742	1
735	Battle Frenzy	-1	2	65535	127	131071	0	3	0	0	13134	1
737	Quickened Silent Casting	-1	15360	65535	127	131071	0	2	0	0	13143	1
738	Quickened Silent Casting	-1	546	65535	127	131071	0	2	0	0	13146	1
739	Balefire Burst	-1	4	65535	127	131071	0	3	0	0	13164	1
740	Blood Tithe	-1	1568	65535	127	131071	0	3	0	0	4761	1
741	Leap of Faith	-1	4	65535	127	131071	0	3	0	0	13202	1
742	Unknown AA 16196	-1	16	65535	127	131071	0	3	0	0	16196	1
743	Hastened Explosion of Hatred	-1	16	65535	127	131071	0	3	0	0	13166	1
744	Howl of the Warlord	-1	1	65535	127	131071	0	3	0	0	13169	1
745	Hastened Tune In Your Head	-1	128	65535	127	131071	0	3	0	0	13204	1
746	Unknown AA 16197	-1	16	65535	127	131071	0	3	0	0	16197	1
747	Unknown AA 16200	-1	16	65535	127	131071	0	3	0	0	16200	1
748	Nightmare Stasis	-1	8192	65535	127	131071	0	3	0	0	4894	1
749	Explosion of Spite	-1	16	65535	127	131071	0	3	0	0	13165	1
751	Scent of Terris	-1	1024	65535	127	131071	0	3	0	0	13225	1
752	Bloodfury	-1	32768	65535	127	131071	0	3	0	0	13224	1
753	Dreary Deeds	-1	8192	65535	127	131071	0	3	0	0	13252	1
754	Enchant Feymetal	-1	8192	65535	127	131071	0	3	0	1	13260	1
755	Mass Enchant Feymetal	-1	8192	65535	127	131071	0	3	0	1	13261	1
756	Enlightened Focus of Arcanum	-1	15904	65535	127	131071	0	3	0	0	13646	1
757	Shifting Elements	-1	4096	65535	127	131071	0	3	0	0	5276	1
758	Extended Silent Casting	-1	15360	65535	127	131071	0	3	0	0	13667	1
759	Fury of Kerafyrm	-1	2048	65535	127	131071	0	3	0	0	13670	1
760	Unknown AA 16203	-1	544	65535	127	131071	0	3	0	0	16203	1
761	Unknown AA 16208	-1	552	65535	127	131071	0	3	0	0	16208	1
762	Shield Block	-1	546	65535	127	131071	0	2	0	0	5283	1
763	Mirrored Pestilence	-1	1552	65535	127	131071	0	3	0	0	13684	1
764	Embrace The Decay	-1	1024	65535	127	131071	0	3	0	0	13687	1
765	Quickened Scent of Terris	-1	1024	65535	127	131071	0	3	0	0	13689	1
766	Frenzy of the Dead	-1	1024	65535	127	131071	0	3	0	0	13693	1
767	Unknown AA 16211	-1	512	65535	127	131071	0	3	0	0	16211	1
768	Unknown AA 16215	-1	32	65535	127	131071	0	3	0	0	16215	1
769	Marr's Salvation	-1	4	65535	127	131071	0	3	0	0	13100	1
770	Blessing of the Faithful	-1	4	65535	127	131071	0	3	0	0	13101	1
771	Unbridled Strike of Fear	-1	16	65535	127	131071	0	3	0	0	13108	1
772	Noteworthy Disguise: Drake	-1	128	65535	127	131071	0	3	0	0	14192	1
773	Death's Effigy	-1	1024	65535	127	131071	0	3	0	0	13133	1
774	Empowered Focus of Arcanum	-1	15904	65535	127	131071	0	3	0	0	14690	1
775	Unknown AA 16342	-1	1024	65535	127	131071	0	3	0	0	16342	1
776	Arcane Overkill	-1	2048	65535	127	131071	0	3	0	0	5295	1
777	Funeral Dirge	-1	128	65535	127	131071	0	3	0	0	5298	1
778	Protection of the Spirit Wolf	-1	8	65535	127	131071	0	3	0	0	5007	1
779	Hastened Juggernaut Surge	-1	32768	65535	127	131071	0	3	0	0	13873	1
780	Hastened Resilience	-1	32768	65535	127	131071	0	3	0	0	13878	1
781	Hastened Blood Pact	-1	32768	65535	127	131071	0	3	0	0	13881	1
782	Unknown AA 16317	-1	32768	65535	127	131071	0	3	0	0	16317	1
783	Energetic Attunement	-1	65535	65535	127	131071	0	1	0	0	1056	1
784	Heart of Flames	-1	4096	65535	127	131071	0	3	0	0	1251	1
785	Heart of Vapor	-1	4096	65535	127	131071	0	3	0	0	1252	1
786	Heart of Ice	-1	4096	65535	127	131071	0	3	0	0	1253	1
787	Heart of Stone	-1	4096	65535	127	131071	0	3	0	0	1254	1
789	Stealthy Getaway	-1	256	65535	127	131071	0	3	0	0	1477	1
790	Seized Opportunity	-1	256	65535	127	131071	0	3	0	0	878	1
791	Veil of Mindshadow	-1	8192	65535	127	131071	0	3	0	0	4931	1
792	Army of the Dead	-1	1024	65535	127	131071	0	3	0	0	1274	1
793	Mana Blast	-1	2048	65535	127	131071	0	3	0	0	1639	1
794	Mana Blaze	-1	2048	65535	127	131071	0	3	0	0	1640	1
795	Innate Corruption Protection	-1	65535	65535	127	131071	0	1	0	0	1662	1
796	Hastened Five Point Palm	-1	64	65535	127	131071	0	3	0	0	13889	1
797	Moving Mountains	-1	64	65535	127	131071	0	3	0	0	13130	1
798	Veturika's Perseverance	-1	2	65535	127	131071	0	3	0	0	14229	1
799	Unknown AA 16644	-1	16	65535	127	131071	0	3	0	0	16644	1
800	Vehement Rage	-1	32769	65535	127	131071	0	3	0	0	6607	1
801	Knee Strike	-1	1	65535	127	131071	0	3	0	0	6610	1
802	Hastened Fortitude Discipline	-1	1	65535	127	131071	0	3	0	0	6611	1
803	Hastened Furious Discipline	-1	1	65535	127	131071	0	3	0	0	6614	1
804	Warlord's Bravery	-1	1	65535	127	131071	0	3	0	0	6617	1
805	Hastened Speed Focus	-1	64	65535	127	131071	0	3	0	0	14148	1
806	Hastened Zan Fi's Whistle	-1	64	65535	127	131071	0	3	0	0	14160	1
807	Pressure Points	-1	64	65535	127	131071	0	3	0	0	14157	1
808	Hastened Thunder	-1	64	65535	127	131071	0	3	0	0	14166	1
809	Allegretto of Battle	-1	128	65535	127	131071	0	3	0	0	14181	1
810	Vivace of Conflict	-1	128	65535	127	131071	0	3	0	0	14186	1
811	Unknown AA 16218	-1	544	65535	127	131071	0	3	0	0	16218	1
812	Unknown AA 16221	-1	32	65535	127	131071	0	3	0	0	16221	1
813	Unknown AA 16222	-1	32	65535	127	131071	0	3	0	0	16222	1
814	Unknown AA 16225	-1	32	65535	127	131071	0	3	0	0	16225	1
815	Unknown AA 16230	-1	16384	65535	127	131071	0	3	0	0	16230	1
816	Unknown AA 16235	-1	16384	65535	127	131071	0	3	0	0	16235	1
817	Unknown AA 16238	-1	16384	65535	127	131071	0	3	0	0	16238	1
818	Unknown AA 16257	-1	64	65535	127	131071	0	3	0	0	16257	1
819	Unknown AA 16666	-1	16	65535	127	131071	0	3	0	0	16666	1
820	Death's Revenge	-1	16	65535	127	131071	0	3	0	0	6630	1
821	Harmshield	-1	1040	65535	127	131071	0	3	0	0	6635	1
822	Explosion of Hatred	-1	16	65535	127	131071	0	3	0	0	6640	1
823	Cascading Theft of Defense	-1	16	65535	127	131071	0	3	0	0	6641	1
824	Hate Step	-1	16	65535	127	131071	0	3	0	0	6644	1
825	Vicious Bite of Chaos	-1	16	65535	127	131071	0	3	0	0	6645	1
826	Encroaching Darkness	-1	1040	65535	127	131071	0	3	0	0	6646	1
827	Unknown AA 16745	-1	2	65535	127	131071	0	3	0	0	16745	1
828	Unknown AA 16260	-1	64	65535	127	131071	0	3	0	0	16260	1
829	Unknown AA 16263	-1	256	65535	127	131071	0	3	0	0	16263	1
830	Unknown AA 16272	-1	256	65535	127	131071	0	3	0	0	16272	1
831	Unknown AA 16276	-1	256	65535	127	131071	0	3	0	0	16276	1
832	Unknown AA 16287	-1	128	65535	127	131071	0	3	0	0	16287	1
833	Unknown AA 17252	-1	16	65535	127	131071	0	3	0	0	17252	1
834	Unknown AA 16296	-1	128	65535	127	131071	0	3	0	0	16296	1
835	Unknown AA 16300	-1	128	65535	127	131071	0	3	0	0	16300	1
836	Unknown AA 16310	-1	32768	65535	127	131071	0	3	0	0	16310	1
837	Unknown AA 16330	-1	32768	65535	127	131071	0	3	0	0	16330	1
838	Unknown AA 16163	-1	8	65535	127	131071	0	3	0	0	16163	1
839	Unknown AA 16360	-1	2080	65535	127	131071	0	3	0	0	16360	1
840	Unknown AA 16363	-1	2048	65535	127	131071	0	3	0	0	16363	1
841	Sleight of Hand	-1	256	65535	127	131071	0	3	0	0	6663	1
842	Enduring Vision	-1	256	65535	127	131071	0	3	0	0	6666	1
843	Expertise of Blades	-1	256	65535	127	131071	0	3	0	0	6668	1
844	Cunning Disguise: Human	-1	256	65535	127	131071	0	3	0	0	6671	1
845	Cunning Disguise: Half-Elf	-1	256	65535	127	131071	0	3	0	0	6672	1
846	Cunning Disguise: Barbarian	-1	256	65535	127	131071	0	3	0	0	6673	1
847	Cunning Disguise: Erudite	-1	256	65535	127	131071	0	3	0	0	6674	1
848	Cunning Disguise: Troll	-1	256	65535	127	131071	0	3	0	0	6675	1
849	Cunning Disguise: Goblin	-1	256	65535	127	131071	0	3	0	0	6676	1
850	Unknown AA 16366	-1	2048	65535	127	131071	0	3	0	0	16366	1
851	Unknown AA 16369	-1	2048	65535	127	131071	0	3	0	0	16369	1
852	Unknown AA 16370	-1	4096	65535	127	131071	0	3	0	0	16370	1
853	Unknown AA 16371	-1	4096	65535	127	131071	0	3	0	0	16371	1
854	Unknown AA 17256	-1	16	65535	127	131071	0	3	0	0	17256	1
856	Tigir's Insect Swarm	-1	512	65535	127	131071	0	3	0	0	6691	1
857	Dampen Resistance	-1	512	65535	127	131071	0	3	0	0	6692	1
858	Hastened Dampen Resistance	-1	512	65535	127	131071	0	3	0	0	6697	1
859	Spirit Walk	-1	512	65535	127	131071	0	3	0	0	6702	1
860	Hastened Virulent Paralysis	-1	512	65535	127	131071	0	3	0	0	6703	1
861	Languid Bite	-1	512	65535	127	131071	0	3	0	0	6706	1
862	Quickened Blood of Nadox	-1	512	65535	127	131071	0	3	0	0	6709	1
863	Hastened Spirit Call	-1	512	65535	127	131071	0	3	0	0	6712	1
864	Hastened Thousand Blades	-1	128	65535	127	131071	0	3	0	0	14169	1
865	Unknown AA 17257	-1	16	65535	127	131071	0	3	0	0	17257	1
866	Extended Dance of Blades	-1	128	65535	127	131071	0	3	0	0	14179	1
867	Extended Thousand Blades	-1	128	65535	127	131071	0	3	0	0	14180	1
868	Unknown AA 16380	-1	4096	65535	127	131071	0	3	0	0	16380	1
869	Unknown AA 16386	-1	4608	65535	127	131071	0	3	0	0	16386	1
870	Harmonious Arrow	-1	8	65535	127	131071	0	3	0	0	6750	1
871	Hastened Weapon Shield	-1	8	65535	127	131071	0	3	0	0	6751	1
872	Outrider's Attack	-1	8	65535	127	131071	0	3	0	0	6754	1
873	Group Guardian of the Forest	-1	8	65535	127	131071	0	3	0	0	6755	1
874	Pack Hunt	-1	8	65535	127	131071	0	3	0	0	6758	1
875	Keen Blade	-1	8	65535	127	131071	0	3	0	0	6761	1
876	Outrider's Evasion	-1	8	65535	127	131071	0	3	0	0	6764	1
877	Ranged Finesse	-1	8	65535	127	131071	0	3	0	0	6765	1
878	Bow Mastery	-1	8	65535	127	131071	0	3	0	0	1196	1
879	Unknown AA 17258	-1	1040	65535	127	131071	0	2	0	0	17258	1
880	Unknown AA 16392	-1	8192	65535	127	131071	0	3	0	0	16392	1
881	Unknown AA 16395	-1	10248	65535	127	131071	0	3	0	0	16395	1
882	Unknown AA 16396	-1	8192	65535	127	131071	0	3	0	0	16396	1
883	Unknown AA 16536	-1	546	65535	127	131071	0	2	0	0	16536	1
884	Unknown AA 17209	-1	1	65535	127	131071	0	3	0	0	17209	1
885	Unknown AA 17212	-1	1	65535	127	131071	0	2	0	0	17212	1
886	Unknown AA 17218	-1	1	65535	127	131071	0	3	0	0	17218	1
888	Unknown AA 17555	-1	1024	65535	127	131071	0	5	0	0	17555	1
889	Unknown AA 17229	-1	4	65535	127	131071	0	3	0	0	17229	1
890	Unknown AA 17235	-1	4	65535	127	131071	0	3	0	0	17235	1
891	Healing Light	-1	4	65535	127	131071	0	3	0	0	6791	1
892	Halt the Dead	-1	4	65535	127	131071	0	3	0	0	6794	1
894	Unknown AA 17242	-1	4	65535	127	131071	0	3	0	0	17242	1
895	Unknown AA 17245	-1	16	65535	127	131071	0	3	0	0	17245	1
896	Unknown AA 17249	-1	16	65535	127	131071	0	3	0	0	17249	1
897	Unknown AA 17199	7	65535	65535	127	131071	0	4	1	0	17199	1
898	Unknown AA 17267	-1	16	65535	127	131071	0	3	0	0	17267	1
899	Unknown AA 17273	-1	128	65535	127	131071	0	3	0	0	17273	1
900	Rise of Bones	-1	1024	65535	127	131071	0	3	0	0	6815	1
901	Whisperwind	-1	1024	65535	127	131071	0	3	0	0	6818	1
902	Hastened Blood Magic	-1	1024	65535	127	131071	0	3	0	0	6819	1
903	Overpower Undead	-1	1024	65535	127	131071	0	3	0	0	6822	1
904	Hastened Swarm of Decay	-1	1024	65535	127	131071	0	3	0	0	6823	1
905	Gift of the Grave	-1	1024	65535	127	131071	0	3	0	0	6828	1
906	Hastened Gut Punch	-1	1	65535	127	131071	0	3	0	0	10522	1
907	Hastened First Spire of the Warlord	-1	1	65535	127	131071	0	3	0	0	10527	1
908	Hastened Second Spire of the Warlord	-1	1	65535	127	131071	0	3	0	0	10532	1
909	Hastened Third Spire of the Warlord	-1	1	65535	127	131071	0	3	0	0	10537	1
910	Unknown AA 17280	-1	128	65535	127	131071	0	3	0	0	17280	1
911	Warlord's Resurgence	-1	1	65535	127	131071	0	3	0	0	10545	1
912	Warlord's Fury	-1	1	65535	127	131071	0	3	0	0	10546	1
914	Improved Shield Specialist	-1	1	65535	127	131071	0	3	0	0	10548	1
915	Unknown AA 17281	-1	128	65535	127	131071	0	3	0	0	17281	1
917	Hastened Grappling Strike	-1	65	65535	127	131071	0	3	0	0	10588	1
918	Furious Refrain	-1	128	65535	127	131071	0	3	0	0	10627	1
919	Unknown AA 17554	-1	32768	65535	127	131071	0	3	0	0	17554	1
920	Valorous Rage	-1	4	65535	127	131071	0	3	0	0	10711	1
921	Hastened Group Guardian of the Forest	-1	8	65535	127	131071	0	3	0	0	10714	1
922	Hastened Outrider's Attack	-1	8	65535	127	131071	0	3	0	0	10719	1
923	Hastened Protection of the Spirit Wolf	-1	8	65535	127	131071	0	3	0	0	10722	1
924	Hastened Imbued Ferocity	-1	8	65535	127	131071	0	3	0	0	10727	1
925	Hastened Harmonious Arrow	-1	8	65535	127	131071	0	3	0	0	10730	1
926	Hastened Entrap	-1	8	65535	127	131071	0	3	0	0	10733	1
927	Poison Arrows	-1	8	65535	127	131071	0	3	0	0	10736	1
928	Merciless Blade	-1	1	65535	127	131071	0	3	0	0	14026	1
929	Combatant's Pact	-1	1	65535	127	131071	0	3	0	0	14029	1
930	Warlord's Resolve	-1	1	65535	127	131071	0	3	0	0	14032	1
931	Hastened Hate's Attraction	-1	16	65535	127	131071	0	3	0	0	12582	1
932	Unknown AA 17289	-1	2	65535	127	131071	0	3	0	0	17289	1
933	Improved Death Peace	-1	1040	65535	127	131071	0	3	0	0	12635	1
934	Unknown AA 17307	-1	2	65535	127	131071	0	3	0	0	17307	1
935	Blessing of Ro	-1	32	65535	127	131071	0	3	0	0	10789	1
936	Extended Wild Growth	-1	544	65535	127	131071	0	3	0	0	10792	1
937	Unknown AA 17317	-1	512	65535	127	131071	0	3	0	0	17317	1
938	Eyes Wide Open	-1	65535	65535	127	131071	0	1	0	0	12636	1
939	Communion of the Cheetah	-1	32	65535	127	131071	0	3	0	0	12638	1
940	Hastened Song of Stone	-1	128	65535	127	131071	0	3	0	0	6870	1
941	Flurry	-1	128	65535	127	131071	0	3	0	0	6873	1
942	Destructive Cascade	-1	128	65535	127	131071	0	3	0	0	6876	1
943	Total Domination	-1	128	65535	127	131071	0	3	0	0	6879	1
944	Enhanced Forgetfulness	-1	128	65535	127	131071	0	3	0	0	6882	1
945	Infusion of Thunder	-1	64	65535	127	131071	0	3	0	0	10346	1
946	Hastened Warlord's Bravery	-1	1	65535	127	131071	0	3	0	0	14037	1
947	Hastened Warlord's Tenacity	-1	1	65535	127	131071	0	3	0	0	14040	1
948	Unknown AA 17328	-1	512	65535	127	131071	0	3	0	0	17328	1
949	Unknown AA 17329	-1	512	65535	127	131071	0	3	0	0	17329	1
950	Unknown AA 17336	-1	512	65535	127	131071	0	3	0	0	17336	1
951	Unknown AA 17339	-1	544	65535	127	131071	0	3	0	0	17339	1
952	Unknown AA 17342	-1	512	65535	127	131071	0	3	0	0	17342	1
953	Unknown AA 17344	-1	32	65535	127	131071	0	3	0	0	17344	1
954	Unknown AA 17347	-1	32	65535	127	131071	0	3	0	0	17347	1
955	Unknown AA 17357	-1	514	65535	127	131071	0	2	0	0	17357	1
956	Unknown AA 17361	-1	2080	65535	127	131071	0	3	0	0	17361	1
957	Unknown AA 17364	-1	32	65535	127	131071	0	3	0	0	17364	1
958	Unknown AA 17370	-1	32	65535	127	131071	0	3	0	0	17370	1
959	Unknown AA 17372	-1	32	65535	127	131071	0	3	0	0	17372	1
960	Stomping Leap	-1	32769	65535	127	131071	0	3	0	0	6930	1
961	Juggernaut Surge	-1	32768	65535	127	131071	0	3	0	0	6931	1
962	Distraction Attack	-1	32768	65535	127	131071	0	3	0	0	6932	1
963	Hastened Savage Spirit	-1	32768	65535	127	131071	0	3	0	0	6935	1
964	Dying Blow	-1	32768	65535	127	131071	0	3	0	0	6938	1
965	Hastened Projection of Fury	-1	1	65535	127	131071	0	3	0	0	10519	1
966	Unknown AA 17373	-1	16384	65535	127	131071	0	3	0	0	17373	1
967	Blade Guardian	-1	1	65535	127	131071	0	3	0	0	13444	1
968	Unknown AA 17375	-1	16384	65535	127	131071	0	3	0	0	17375	1
969	Unknown AA 17378	-1	15360	65535	127	131071	0	2	0	0	17378	1
970	Unknown AA 17378	-1	546	65535	127	131071	0	2	0	0	17379	1
971	Unknown AA 17378	-1	16384	65535	127	131071	0	2	0	0	17380	1
972	Unknown AA 17384	-1	16384	65535	127	131071	0	3	0	0	17384	1
974	Unknown AA 17409	-1	256	65535	127	131071	0	3	0	0	17409	1
975	Unknown AA 17414	-1	256	65535	127	131071	0	3	0	0	17414	1
976	Unknown AA 17418	-1	32768	65535	127	131071	0	3	0	0	17418	1
977	Unknown AA 17558	-1	1024	65535	127	131071	0	5	0	0	17558	1
978	Unknown AA 17428	-1	32768	65535	127	131071	0	3	0	0	17428	1
979	Unknown AA 17436	-1	32768	65535	127	131071	0	3	0	0	17436	1
980	Natural Invisibility	-1	16384	65535	127	131071	0	3	0	0	6970	1
981	Attack of the Warders	-1	16384	65535	127	131071	0	3	0	0	6971	1
982	Hastened Feral Attacks	-1	16384	65535	127	131071	0	3	0	0	6974	1
983	Hastened Focused Paragon	-1	16384	65535	127	131071	0	3	0	0	6977	1
984	Hastened Paragon	-1	16384	65535	127	131071	0	3	0	0	6980	1
985	Group Bestial Alignment	-1	16384	65535	127	131071	0	3	0	0	6983	1
986	Bite of the Asp	-1	16384	65535	127	131071	0	3	0	0	6984	1
987	Raven's Claw	-1	16384	65535	127	131071	0	3	0	0	6985	1
988	Gorilla Smash	-1	16384	65535	127	131071	0	3	0	0	6986	1
989	Stonefoot	-1	64	65535	127	131071	0	3	0	0	10340	1
990	Hastened Stunning Kick	-1	64	65535	127	131071	0	3	0	0	10343	1
991	Quickened Turn Undead	-1	2	65535	127	131071	0	3	0	0	10470	1
992	Tranquil Blessings	-1	30254	65535	127	131071	0	3	0	0	3676	1
993	Righteous Zeal	-1	2	65535	127	131071	0	3	0	0	6082	1
994	Hastened Divine Retribution	-1	2	65535	127	131071	0	3	0	0	6088	1
995	Intrinsic Efficiency	-1	15386	65535	127	131071	0	2	0	0	6112	1
996	Powerful Elixirs	-1	2	65535	127	131071	0	3	0	0	6113	1
997	Celestial Rapidity	-1	2	65535	127	131071	0	3	0	0	6534	1
998	Hastened Celestial Regeneration	-1	2	65535	127	131071	0	3	0	0	2400	1
999	Improved Burst of Life	-1	2	65535	127	131071	0	3	0	0	7765	1
1000	Unknown AA 17439	-1	32768	65535	127	131071	0	3	0	0	17439	1
1001	Unknown AA 17445	-1	32768	65535	127	131071	0	3	0	0	17445	1
1002	Unknown AA 17448	-1	32768	65535	127	131071	0	3	0	0	17448	1
1003	Unknown AA 10478	-1	8	65535	127	131071	0	3	0	0	10478	1
1004	Unknown AA 17492	-1	2048	65535	127	131071	0	3	0	0	17492	1
1005	Unknown AA 17495	-1	2048	65535	127	131071	0	3	0	0	17495	1
1006	Unknown AA 17515	-1	4096	65535	127	131071	0	3	0	0	17515	1
1007	Unknown AA 17517	-1	5120	65535	127	131071	0	3	0	0	17517	1
1008	Unknown AA 17522	-1	1024	65535	127	131071	0	3	0	0	17522	1
1009	Unknown AA 17533	-1	1024	65535	127	131071	0	3	0	0	17533	1
1011	Neshika's Blink	-1	64	65535	127	131071	0	3	0	0	7869	1
1012	Five Point Palm	-1	64	65535	127	131071	0	3	0	0	7875	1
1013	War Cry of the Braxi	-1	32768	65535	127	131071	0	3	0	0	13872	1
1014	Unknown AA 17538	-1	1024	65535	127	131071	0	3	0	0	17538	1
1015	Unknown AA 17547	-1	8192	65535	127	131071	0	3	0	0	17547	1
1016	Unknown AA 17549	-1	8192	65535	127	131071	0	3	0	0	17549	1
1017	Unknown AA 17238	-1	4	65535	127	131071	0	3	0	0	17238	1
1018	Unknown AA 17553	-1	8192	65535	127	131071	0	3	0	0	17553	1
1019	Unknown AA 17248	-1	4	65535	127	131071	0	3	0	0	17248	1
1020	Hastened Companion's Blessing	-1	30224	65535	127	131071	0	2	0	0	12478	1
1021	Unknown AA 17215	-1	1	65535	127	131071	0	3	0	0	17215	1
1022	Destructive Fury	-1	16540	65535	127	131071	0	2	0	0	6636	1
1023	Restoration of Life	-1	4	65535	127	131071	0	3	0	0	14010	1
1024	Hastened Leap of Faith	-1	4	65535	127	131071	0	3	0	0	14085	1
1025	Hastened Beacon of the Righteous	-1	4	65535	127	131071	0	3	0	0	14011	1
1026	Unknown AA 17561	-1	1024	65535	127	131071	0	5	0	0	17561	1
1027	Unknown AA 17564	-1	1024	65535	127	131071	0	5	0	0	17564	1
1028	Unknown AA 17567	-1	1024	65535	127	131071	0	5	0	0	17567	1
1029	Unknown AA 17570	-1	1024	65535	127	131071	0	5	0	0	17570	1
1030	Unknown AA 17573	-1	1024	65535	127	131071	0	5	0	0	17573	1
1031	Unknown AA 17576	-1	2048	65535	127	131071	0	5	0	0	17576	1
1032	Unknown AA 17579	-1	2048	65535	127	131071	0	5	0	0	17579	1
1033	Unknown AA 17582	-1	2048	65535	127	131071	0	5	0	0	17582	1
1034	Unknown AA 17585	-1	2048	65535	127	131071	0	5	0	0	17585	1
1035	Unknown AA 17588	-1	2048	65535	127	131071	0	5	0	0	17588	1
1036	Unknown AA 17591	-1	2048	65535	127	131071	0	5	0	0	17591	1
1037	Unknown AA 17594	-1	2048	65535	127	131071	0	5	0	0	17594	1
1038	Unknown AA 17597	-1	4096	65535	127	131071	0	5	0	0	17597	1
1039	Unknown AA 17600	-1	4096	65535	127	131071	0	5	0	0	17600	1
1040	Theft of Essence	-1	4096	65535	127	131071	0	3	0	0	7900	1
1041	Malosinete	-1	4608	65535	127	131071	0	3	0	0	7903	1
1042	Unknown AA 17603	-1	4096	65535	127	131071	0	5	0	0	17603	1
1043	Unknown AA 17606	-1	4096	65535	127	131071	0	5	0	0	17606	1
1044	Unknown AA 17609	-1	4096	65535	127	131071	0	5	0	0	17609	1
1045	Unknown AA 17612	-1	4096	65535	127	131071	0	5	0	0	17612	1
1046	Unknown AA 17615	-1	4096	65535	127	131071	0	5	0	0	17615	1
1047	Unknown AA 17618	-1	8192	65535	127	131071	0	5	0	0	17618	1
1048	Unknown AA 17621	-1	8192	65535	127	131071	0	5	0	0	17621	1
1049	Unknown AA 17624	-1	8192	65535	127	131071	0	5	0	0	17624	1
1050	Unknown AA 17627	-1	8192	65535	127	131071	0	5	0	0	17627	1
1051	Unknown AA 17630	-1	8192	65535	127	131071	0	5	0	0	17630	1
1052	Unknown AA 17633	-1	8192	65535	127	131071	0	5	0	0	17633	1
1053	Unknown AA 10481	-1	1024	65535	127	131071	0	3	0	0	10481	1
1054	Unknown AA 17639	-1	1	65535	127	131071	0	3	0	0	17639	1
1060	Hastened Turn Undead	-1	2	65535	127	131071	0	3	0	0	7940	1
1061	Cascading Divine Aura	-1	2	65535	127	131071	0	3	0	0	7943	1
1062	Group Purify Soul	-1	2	65535	127	131071	0	3	0	0	7944	1
1063	Hastened Renewal	-1	2	65535	127	131071	0	3	0	0	7945	1
1064	Sanctified Blessing	-1	2	65535	127	131071	0	3	0	0	7948	1
1065	Focused Celestial Regeneration	-1	2	65535	127	131071	0	3	0	0	7951	1
1090	Mastery of Nature	-1	32	65535	127	131071	0	3	0	0	7980	1
1091	Hastened Nature's Guardian	-1	32	65535	127	131071	0	3	0	0	7983	1
1092	Spirit of the Black Wolf	-1	32	65535	127	131071	0	3	0	0	7986	1
1093	Hastened Lycan Soul	-1	32	65535	127	131071	0	3	0	0	7989	1
1113	Hastened Mass Group Buff	-1	30254	65535	127	131071	0	3	0	0	5010	1
1115	Mystical Shield	-1	65535	65535	127	131071	0	1	0	0	5045	1
1120	Self Stasis	-1	8192	65535	127	131071	0	3	0	0	8030	1
1121	Hastened Veil of Mindshadow	-1	8192	65535	127	131071	0	3	0	0	8031	1
1122	Phantasmal Opponent	-1	8192	65535	127	131071	0	3	0	0	8034	1
1123	Hastened Edict of Command	-1	8192	65535	127	131071	0	3	0	0	8035	1
1124	Fog of Memories	-1	8192	65535	127	131071	0	3	0	0	8038	1
1125	Bite of Tashani	-1	8192	65535	127	131071	0	3	0	0	8039	1
1150	Fury of Druzzil	-1	2048	65535	127	131071	0	3	0	0	8060	1
1151	Fury of Eci	-1	2048	65535	127	131071	0	3	0	0	8063	1
1152	Fury of Ro	-1	2048	65535	127	131071	0	3	0	0	8066	1
1153	Fortified Entanglement	-1	2048	65535	127	131071	0	3	0	0	8069	1
1154	Force of Will	-1	2048	65535	127	131071	0	3	0	0	8072	1
1155	Atol's Shackles	-1	2048	65535	127	131071	0	3	0	0	8075	1
1156	Hastened Manaburn	-1	2048	65535	127	131071	0	3	0	0	8076	1
1157	Hastened Call of Xuzl	-1	2048	65535	127	131071	0	3	0	0	8082	1
1158	Divine Steed	-1	4	65535	127	131071	0	3	0	0	1667	1
1159	Hastened Leap	-1	32769	65535	127	131071	0	3	0	0	11014	1
1169	Unknown AA 16336	-1	1024	65535	127	131071	0	3	0	0	16336	1
1170	Unknown AA 16339	-1	1024	65535	127	131071	0	3	0	0	16339	1
1171	Hastened Counterattack Discipline	-1	256	65535	127	131071	0	3	0	0	15502	1
1173	Hastened Onslaught	-1	256	65535	127	131071	0	3	0	0	15509	1
1174	Mrylokar's Rigor	-1	256	65535	127	131071	0	3	0	0	15512	1
1175	Absorbing Agent	-1	256	65535	127	131071	0	3	0	0	15515	1
1176	Improved Requiem of Time	-1	128	65535	127	131071	0	3	0	0	15516	1
1177	Quickened Requiem of Time	-1	128	65535	127	131071	0	3	0	0	15517	1
1178	Silent Displacement	-1	128	65535	127	131071	0	3	0	0	15521	1
1200	Companion's Alacrity	-1	30224	65535	127	131071	0	2	0	0	8190	1
1201	Improved Intimidation	-1	41408	65535	127	131071	0	2	0	1	8193	1
1202	Perfected Levitation	-1	31272	65535	127	131071	0	2	0	0	8194	1
1203	Hastened Fortify Companion	-1	30224	65535	127	131071	0	2	0	0	8195	1
1204	Empowered Ingenuity	-1	33089	65535	127	131071	0	2	0	0	8198	1
1205	Companion's Fury	-1	30224	65535	127	131071	0	2	0	0	8201	1
1206	Quickened Radiant Cure	-1	546	65535	127	131071	0	2	0	0	8204	1
1207	Quickened Radiant Cure	-1	4	65535	127	131071	0	2	0	0	8207	1
1208	Mental Stamina	-1	32446	65535	127	131071	0	2	0	0	8210	1
1209	Hardy Endurance	-1	33089	65535	127	131071	0	2	0	0	8215	1
1210	Group Perfected Invisibility	-1	14336	65535	127	131071	0	3	0	0	8220	1
1211	Focus of Arcanum	-1	15904	65535	127	131071	0	3	0	0	8221	1
1212	Group Perfected Invisibility to Undead	-1	1046	65535	127	131071	0	2	0	0	8222	1
1214	Cascade of Life	-1	546	65535	127	131071	0	2	0	0	8224	1
1215	Summon Companion	-1	30224	65535	127	131071	0	2	0	0	8227	1
1216	Mental Fortitude	-1	65535	65535	127	131071	0	1	0	0	8228	1
1217	Gate	-1	15906	65535	127	131071	0	2	0	0	8231	1
1218	Extended Ingenuity	-1	128	65535	127	131071	0	2	0	0	8040	1
1219	Armor of Wisdom	-1	1	65535	127	131071	0	2	0	0	8235	1
1220	Armor of Wisdom	-1	20	65535	127	131071	0	2	0	0	8240	1
1221	Armor of Wisdom	-1	202	65535	127	131071	0	2	0	0	8245	1
1222	Armor of Wisdom	-1	49920	65535	127	131071	0	2	0	0	8250	1
1223	Armor of Wisdom	-1	15392	65535	127	131071	0	2	0	0	8255	1
1232	Way of the Katori	-1	64	65535	127	131071	0	3	0	0	15429	1
1233	Harmony of Battle	-1	64	65535	127	131071	0	3	0	0	15432	1
1234	Hastened Ironfist	-1	64	65535	127	131071	0	3	0	0	15438	1
1235	Two-Finger Wasp Touch	-1	64	65535	127	131071	0	3	0	0	15447	1
1236	Thunderfoot	-1	64	65535	127	131071	0	3	0	0	15444	1
1237	Extended Bloodlust	-1	16384	65535	127	131071	0	3	0	0	15414	1
1239	Consumption of Spirit	-1	16384	65535	127	131071	0	3	0	0	15423	1
1240	Frenzied Swipes	-1	16384	65535	127	131071	0	3	0	0	15424	1
1242	Hastened Synergy	-1	64	65535	127	131071	0	3	0	0	15450	1
1243	Hastened Crane Stance	-1	64	65535	127	131071	0	3	0	0	15453	1
1244	Hastened Eye Gouge	-1	64	65535	127	131071	0	3	0	0	15456	1
1245	Troubadour's Slashing Mastery	-1	128	65535	127	131071	0	3	0	0	15540	1
1246	Troubadour's Blunt Mastery	-1	128	65535	127	131071	0	3	0	0	15543	1
1247	Troubadour's Piercing Mastery	-1	128	65535	127	131071	0	3	0	0	15546	1
1248	Hastened Lure of the Siren's Song	-1	128	65535	127	131071	0	3	0	0	15549	1
1249	Frenzied Axe of Rallos	-1	32768	65535	127	131071	0	3	0	0	15555	1
1250	Juggernaut's Mastery of Throwing	-1	32768	65535	127	131071	0	3	0	0	15564	1
1251	Furious Rampage	-1	32768	65535	127	131071	0	3	0	0	15567	1
1252	Battle Stomp	-1	32768	65535	127	131071	0	3	0	0	15569	1
1253	Communion of Blood	-1	32768	65535	127	131071	0	3	0	0	15570	1
1254	Hastened Dying Grasp	-1	1024	65535	127	131071	0	3	0	0	15571	1
1255	Rest the Dead	-1	1040	65535	127	131071	0	3	0	0	15574	1
1256	Extended Encroaching Darkness	-1	1040	65535	127	131071	0	3	0	0	15579	1
1257	Hand of Death	-1	1024	65535	127	131071	0	3	0	0	15582	1
1258	Quickened Levant	-1	1024	65535	127	131071	0	3	0	0	15591	1
1259	Cascade of Decay	-1	1024	65535	127	131071	0	3	0	0	15594	1
1261	Hastened Fury of the Gods	-1	2048	65535	127	131071	0	3	0	0	15598	1
1262	Lower Element	-1	2048	65535	127	131071	0	3	0	0	15601	1
1263	Destructive Adept	-1	2048	65535	127	131071	0	3	0	0	15602	1
1264	Arcane Fusion	-1	2048	65535	127	131071	0	3	0	0	15609	1
1265	Arcane Destruction	-1	2048	65535	127	131071	0	3	0	0	15611	1
1266	Force of Flame	-1	2048	65535	127	131071	0	3	0	0	15612	1
1267	Force of Ice	-1	2048	65535	127	131071	0	3	0	0	15615	1
1269	Sha's Reprisal	-1	16384	65535	127	131071	0	3	0	0	15425	1
1270	Crippling Spirit	-1	512	65535	127	131071	0	3	0	0	15377	1
1271	Quick Damage	-1	1024	65535	127	131071	0	3	0	0	15622	1
1272	Assassin's Wrath	-1	256	65535	127	131071	0	3	0	0	15625	1
1273	Hastened Swiftblade	-1	256	65535	127	131071	0	3	0	0	15634	1
1274	Improved Explosion of Spite	-1	16	65535	127	131071	0	3	0	0	15639	1
1275	Improved Explosion of Hatred	-1	16	65535	127	131071	0	3	0	0	15640	1
1277	Soul Touch	-1	16	65535	127	131071	0	3	0	0	15642	1
1278	Soul Flay	-1	16	65535	127	131071	0	3	0	0	15643	1
1279	Ragged Bite of Agony	-1	16	65535	127	131071	0	3	0	0	15646	1
1281	Everburn	-1	32768	65535	127	131071	0	3	0	0	15648	1
1282	Marr's Gift	-1	4	65535	127	131071	0	3	0	0	15619	1
1300	Fundament of Intellect	-1	2048	65535	127	131071	0	3	0	0	9100	1
1301	Fundament of Intellect	-1	1024	65535	127	131071	0	3	0	0	9109	1
1302	Fundament of Intellect	-1	4096	65535	127	131071	0	3	0	0	9118	1
1303	Fundament of Intellect	-1	8192	65535	127	131071	0	3	0	0	9127	1
1304	Fundament of Wisdom	-1	2	65535	127	131071	0	3	0	0	9136	1
1305	Fundament of Wisdom	-1	32	65535	127	131071	0	3	0	0	9145	1
1306	Fundament of Wisdom	-1	512	65535	127	131071	0	3	0	0	9154	1
1307	Fundament of Power	-1	8	65535	127	131071	0	3	0	0	9163	1
1308	Fundament of Power	-1	16	65535	127	131071	0	3	0	0	9172	1
1309	Fundament of Power	-1	4	65535	127	131071	0	3	0	0	9181	1
1310	Fundament of Power	-1	128	65535	127	131071	0	3	0	0	9190	1
1311	Fundament of Power	-1	16384	65535	127	131071	0	3	0	0	9199	1
1312	Fundament of Combat	-1	1	65535	127	131071	0	3	0	0	9208	1
1313	Fundament of Combat	-1	64	65535	127	131071	0	3	0	0	9217	1
1314	Fundament of Combat	-1	32768	65535	127	131071	0	3	0	0	9226	1
1315	Fundament of Combat	-1	256	65535	127	131071	0	3	0	0	9235	1
1350	Fundament: First Spire of Arcanum	-1	2048	65535	127	131071	0	3	0	0	9300	1
1351	Fundament: Second Spire of Arcanum	-1	2048	65535	127	131071	0	3	0	0	9303	1
1352	Fundament: Third Spire of Arcanum	-1	2048	65535	127	131071	0	3	0	0	9306	1
1360	Fundament: First Spire of the Sensei	-1	64	65535	127	131071	0	3	0	0	9309	1
1361	Fundament: Second Spire of the Sensei	-1	64	65535	127	131071	0	3	0	0	9312	1
1362	Fundament: Third Spire of the Sensei	-1	64	65535	127	131071	0	3	0	0	9315	1
1370	Fundament: First Spire of the Elements	-1	4096	65535	127	131071	0	3	0	0	9318	1
1371	Fundament: Second Spire of the Elements	-1	4096	65535	127	131071	0	3	0	0	9321	1
1372	Fundament: Third Spire of the Elements	-1	4096	65535	127	131071	0	3	0	0	9324	1
1380	Fundament: First Spire of Enchantment	-1	8192	65535	127	131071	0	3	0	0	9327	1
1381	Fundament: Second Spire of Enchantment	-1	8192	65535	127	131071	0	3	0	0	9330	1
1382	Fundament: Third Spire of Enchantment	-1	8192	65535	127	131071	0	3	0	0	9333	1
1390	Fundament: First Spire of Necromancy	-1	1024	65535	127	131071	0	3	0	0	9336	1
1391	Fundament: Second Spire of Necromancy	-1	1024	65535	127	131071	0	3	0	0	9339	1
1392	Fundament: Third Spire of Necromancy	-1	1024	65535	127	131071	0	3	0	0	9342	1
1400	Fundament: First Spire of the Warlord	-1	1	65535	127	131071	0	3	0	0	9345	1
1401	Fundament: Second Spire of the Warlord	-1	1	65535	127	131071	0	3	0	0	9348	1
1402	Fundament: Third Spire of the Warlord	-1	1	65535	127	131071	0	3	0	0	9351	1
1403	Sturdy Companion	-1	30224	65535	127	131071	0	3	0	0	9503	1
1404	Extended Swarm	-1	32306	65535	127	131071	0	3	0	0	9506	1
1405	Twincast	-1	15906	65535	127	131071	0	3	0	0	9509	1
1406	Staff Block	-1	64	65535	127	131071	0	3	0	0	9512	1
1410	Fundament: First Spire of the Rake	-1	256	65535	127	131071	0	3	0	0	9354	1
1411	Fundament: Second Spire of the Rake	-1	256	65535	127	131071	0	3	0	0	9357	1
1412	Fundament: Third Spire of the Rake	-1	256	65535	127	131071	0	3	0	0	9360	1
1420	Fundament: First Spire of the Minstrels	-1	128	65535	127	131071	0	3	0	0	9363	1
1421	Fundament: Second Spire of the Minstrels	-1	128	65535	127	131071	0	3	0	0	9366	1
1422	Fundament: Third Spire of the Minstrels	-1	128	65535	127	131071	0	3	0	0	9369	1
1430	Fundament: First Spire of the Savage Lord	-1	16384	65535	127	131071	0	3	0	0	9372	1
1431	Fundament: Second Spire of the Savage Lord	-1	16384	65535	127	131071	0	3	0	0	9375	1
1432	Fundament: Third Spire of the Savage Lord	-1	16384	65535	127	131071	0	3	0	0	9378	1
1433	Extended Ingenuity	-1	33089	65535	127	131071	0	2	0	0	8232	1
1440	Fundament: First Spire of Holiness	-1	4	65535	127	131071	0	3	0	0	9381	1
1441	Fundament: Second Spire of Holiness	-1	4	65535	127	131071	0	3	0	0	9384	1
1442	Fundament: Third Spire of Holiness	-1	4	65535	127	131071	0	3	0	0	9387	1
1450	Fundament: First Spire of the Reavers	-1	16	65535	127	131071	0	3	0	0	9390	1
1451	Fundament: Second Spire of the Reavers	-1	16	65535	127	131071	0	3	0	0	9393	1
1452	Fundament: Third Spire of the Reavers	-1	16	65535	127	131071	0	3	0	0	9396	1
1460	Fundament: First Spire of the Pathfinders	-1	8	65535	127	131071	0	3	0	0	9399	1
1461	Fundament: Second Spire of the Pathfinders	-1	8	65535	127	131071	0	3	0	0	9402	1
1462	Fundament: Third Spire of the Pathfinders	-1	8	65535	127	131071	0	3	0	0	9405	1
1470	Fundament: First Spire of Divinity	-1	2	65535	127	131071	0	3	0	0	9408	1
1471	Fundament: Second Spire of Divinity	-1	2	65535	127	131071	0	3	0	0	9411	1
1472	Fundament: Third Spire of Divinity	-1	2	65535	127	131071	0	3	0	0	9414	1
1480	Fundament: First Spire of Nature	-1	32	65535	127	131071	0	3	0	0	9417	1
1481	Fundament: Second Spire of Nature	-1	32	65535	127	131071	0	3	0	0	9420	1
1482	Fundament: Third Spire of Nature	-1	32	65535	127	131071	0	3	0	0	9423	1
1490	Fundament: First Spire of Ancestors	-1	512	65535	127	131071	0	3	0	0	9426	1
1491	Fundament: Second Spire of Ancestors	-1	512	65535	127	131071	0	3	0	0	9429	1
1492	Fundament: Third Spire of Ancestors	-1	512	65535	127	131071	0	3	0	0	9432	1
1500	Fundament: First Spire of Savagery	-1	32768	65535	127	131071	0	3	0	0	9435	1
1501	Fundament: Second Spire of Savagery	-1	32768	65535	127	131071	0	3	0	0	9438	1
1502	Fundament: Third Spire of Savagery	-1	32768	65535	127	131071	0	3	0	0	9441	1
1503	Hallowed Steed	-1	4	65535	127	131071	0	3	0	0	13673	1
1504	Wicked Steed	-1	16	65535	127	131071	0	3	0	0	13674	1
1505	Unknown AA 16103	-1	1024	65535	127	131071	0	3	0	0	16103	1
1580	Divine Companion Aura	-1	30224	65535	127	131071	0	2	0	0	5809	1
1662	Spell Casting Mastery	-1	16412	65535	127	131071	0	2	0	0	1216	1
1663	Gift of Mana	-1	16412	65535	127	131071	0	2	0	0	1219	1
1664	Twinproc	-1	50175	65535	127	131071	0	3	0	0	12416	1
1665	Tactical Mastery	-1	16596	65535	127	131071	0	3	0	0	12419	1
1666	Group Perfected Levitation	-1	31272	65535	127	131071	0	2	0	0	12422	1
1667	Quickened Encroaching Darkness	-1	1040	65535	127	131071	0	2	0	0	6026	1
1668	Acute Focus of Arcanum	-1	15904	65535	127	131071	0	3	0	0	8260	1
1669	Flurry	-1	20	65535	127	131071	0	3	0	0	5806	1
1680	Hastened Flash of Anger	-1	1	65535	127	131071	0	3	0	0	13905	1
1681	Hastened Bazu Roar	-1	1	65535	127	131071	0	3	0	0	13908	1
1682	Hastened Scowl	-1	1	65535	127	131071	0	3	0	0	13911	1
1683	Hastened Mark of the Mage Hunter	-1	1	65535	127	131071	0	3	0	0	13917	1
1684	Knowledge of Alaran Culture	2	65535	65535	127	131071	0	4	0	0	14017	1
1685	Knowledge of Alaran Culture - Advanced	2	65535	65535	127	131071	0	4	0	0	14018	1
1686	Brace For Impact	-1	1	65535	127	131071	0	3	0	0	14019	1
1687	Summon Tome of the Hero's Journey	2	65535	65535	127	131071	0	4	0	1	14371	1
1800	Enchant Planar Alloy	-1	8192	65535	127	131071	0	3	0	1	14373	1
1801	Mass Enchant Planar Alloy	-1	8192	65535	127	131071	0	3	0	1	14374	1
2000	Armor of Experience	5	65535	65535	127	131071	0	4	0	1	4700	1
2001	Sneering Grin	-1	1	65535	127	131071	0	3	0	0	15096	1
2002	Warlord's Grasp	-1	1	65535	127	131071	0	3	0	0	15099	1
2003	Hastened Press the Attack	-1	1	65535	127	131071	0	3	0	0	15100	1
2004	Hastened Rage of Rallos Zek	-1	1	65535	127	131071	0	3	0	0	15105	1
2005	Hastened Unbroken Attention	-1	1	65535	127	131071	0	3	0	0	15108	1
2006	Extended Resplendant Glory	-1	1	65535	127	131071	0	3	0	0	15113	1
2007	Wars Sheol's Heroic Blade	-1	1	65535	127	131071	0	3	0	0	15119	1
2008	Hastened Vehement Rage	-1	1	65535	127	131071	0	3	0	0	15120	1
2009	Hastened Barbed Tongue	-1	1	65535	127	131071	0	3	0	0	15123	1
2010	Hastened Shield Topple	-1	1	65535	127	131071	0	3	0	0	15126	1
2011	Imperator's Command	-1	1	65535	127	131071	0	3	0	0	15129	1
2012	Imperator's Charge	-1	1	65535	127	131071	0	3	0	0	15130	1
2013	Imperator's Precision	-1	1	65535	127	131071	0	3	0	0	15131	1
2014	Hastened Divine Call	-1	4	65535	127	131071	0	3	0	0	15132	1
2015	Extended Divine Call	-1	4	65535	127	131071	0	3	0	0	15135	1
2016	Heroic Leap	-1	4	65535	127	131071	0	3	0	0	15136	1
2018	Helix of the Undying	-1	20	65535	127	131071	0	3	0	0	15146	1
2019	Group Armor of the Inquisitor	-1	4	65535	127	131071	0	3	0	0	15147	1
2020	Quickened Demand For Honor	-1	4	65535	127	131071	0	3	0	0	15150	1
2021	Extended Sanctification	-1	4	65535	127	131071	0	3	0	0	15153	1
2022	Extended Speed of the Savior	-1	4	65535	127	131071	0	3	0	0	15154	1
2023	Extended Preservation of Marr	-1	4	65535	127	131071	0	3	0	0	15155	1
2024	Extended Shield of Brilliance	-1	4	65535	127	131071	0	3	0	0	15158	1
2025	Extended Blessing of the Faithful	-1	4	65535	127	131071	0	3	0	0	15159	1
2026	Hastened Speed of the Savior	-1	4	65535	127	131071	0	3	0	0	15162	1
2028	Hastened Shield of Brilliance	-1	4	65535	127	131071	0	3	0	0	15168	1
2031	Purity of Death	-1	16	65535	127	131071	0	3	0	0	15177	1
2032	Quickened Scourge Skin	-1	16	65535	127	131071	0	3	0	0	15179	1
2034	Gift of the Quick Spear	-1	16	65535	127	131071	0	3	0	0	15193	1
2035	Extended Provocation for Power	-1	16	65535	127	131071	0	3	0	0	15194	1
2036	Quickened Auspice of the Hunter	-1	8	65535	127	131071	0	3	0	0	15253	1
2037	Chameleon's Gift	-1	8	65535	127	131071	0	3	0	0	15304	1
2040	Hastened Enraging Kicks	-1	8	65535	127	131071	0	3	0	0	15283	1
2041	Close Combat Mastery	-1	8	65535	127	131071	0	3	0	0	15288	1
2042	Quickened Cover Tracks	-1	8	65535	127	131071	0	3	0	0	15295	1
2045	Shield of Reverence	-1	2	65535	127	131071	0	3	0	0	15338	1
2046	Extended Healing Frenzy	-1	2	65535	127	131071	0	3	0	0	15342	1
2047	Call of the Herald	-1	2	65535	127	131071	0	3	0	0	15343	1
2048	Covenant of Spirit	-1	544	65535	127	131071	0	3	0	0	15356	1
2049	Talisman of Celerity	-1	512	65535	127	131071	0	3	0	0	15357	1
2050	Extended Spiritual Blessing	-1	512	65535	127	131071	0	3	0	0	15358	1
2051	Rejuvenation of Spirit	-1	544	65535	127	131071	0	3	0	0	15362	1
2053	Hastened Turgur's Swarm	-1	512	65535	127	131071	0	3	0	0	15371	1
2054	Shielding of Spirits	-1	16930	65535	127	131071	0	2	0	0	15374	1
2055	Hastened Lunar Healing	-1	32	65535	127	131071	0	3	0	0	15383	1
2056	Quickened Blessing of Ro	-1	32	65535	127	131071	0	3	0	0	15389	1
2057	Hastened Wall of Wind	-1	32	65535	127	131071	0	3	0	0	15403	1
2059	Quickened Focused Paragon of Spirit	-1	16384	65535	127	131071	0	3	0	0	15406	1
2060	Elemental Ward	-1	4096	65535	127	131071	0	3	0	0	15200	1
2061	Cloak of Shadows	-1	4096	65535	127	131071	0	3	0	0	15203	1
2062	Hastened Elemental Union	-1	4096	65535	127	131071	0	3	0	0	15204	1
2063	Hastened Virulent Talon	-1	4096	65535	127	131071	0	3	0	0	15207	1
2064	Wind of Malosinete	-1	4608	65535	127	131071	0	3	0	0	15210	1
2065	Mana Reserve	-1	4096	65535	127	131071	0	3	0	0	15213	1
2066	Second Wind Ward	-1	4096	65535	127	131071	0	3	0	0	15214	1
2076	Steel Vengeance	-1	4096	65535	127	131071	0	3	0	0	15217	1
2077	Extended Vapor Core	-1	4096	65535	127	131071	0	3	0	0	15220	1
2078	Extended Stone Core	-1	4096	65535	127	131071	0	3	0	0	15223	1
2079	Extended Fire Core	-1	4096	65535	127	131071	0	3	0	0	15226	1
2080	Extended Ice Core	-1	4096	65535	127	131071	0	3	0	0	15229	1
2081	Flames of Power	-1	4096	65535	127	131071	0	3	0	0	15232	1
2200	Rune of Banishment	-1	8192	65535	127	131071	0	3	0	0	15475	1
2201	Hastened Glyph Spray	-1	8192	65535	127	131071	0	3	0	0	15478	1
2202	Illusions of Grandeur	-1	8192	65535	127	131071	0	3	0	0	15481	1
2203	Illusory Ally	-1	8192	65535	127	131071	0	3	0	0	15482	1
2204	Gracious Gift of Mana	-1	8192	65535	127	131071	0	3	0	0	15485	1
2205	Chromatic Haze	-1	8192	65535	127	131071	0	3	0	0	15486	1
2206	Blanket of Forgetfulness	-1	8192	65535	127	131071	0	3	0	0	15489	1
2207	Ethereal Manipulation	-1	8192	65535	127	131071	0	3	0	0	15490	1
2208	Quick Mezz	-1	8192	65535	127	131071	0	3	0	0	15493	1
2209	Reactive Rune	-1	8192	65535	127	131071	0	3	0	0	15496	1
2234	Cover Tracks	-1	8	65535	127	131071	0	3	0	0	10368	1
2235	Imbued Ferocity	-1	8	65535	127	131071	0	3	0	0	10387	1
2709	Perfected Dead Man Floating	-1	1024	65535	127	131071	0	3	0	0	13692	1
2899	Levant	-1	1024	65535	127	131071	0	3	0	0	10700	1
3000	Auroria Mastery	-1	8192	65535	127	131071	0	3	0	0	6987	1
3202	Pet Discipline	-1	8192	65535	127	131071	0	3	0	0	7733	1
3203	Enchant Palladium Trio	6	8192	65535	127	131071	0	3	0	1	7736	1
3204	Mass Enchant Palladium	6	8192	65535	127	131071	0	3	0	1	7737	1
3205	Greater Mass Enchant Palladium	6	8192	65535	127	131071	0	3	0	1	7738	1
3206	Enchant Dwerium	6	8192	65535	127	131071	0	3	0	1	7732	1
3207	Mass Enchant Dwerium	6	8192	65535	127	131071	0	3	0	1	7734	1
3208	Enchant Palladium	6	8192	65535	127	131071	0	3	0	1	7735	1
3209	Enchant Temporite	6	8192	65535	127	131071	0	3	0	1	7739	1
3210	Mass Enchant Temporite	6	8192	65535	127	131071	0	3	0	1	7740	1
3211	Nature's Reprieve	-1	8	65535	127	131071	0	3	0	0	10388	1
3212	Hastened Divine Intervention	-1	2	65535	127	131071	0	3	0	0	10358	1
3213	Projection of Fury	-1	1	65535	127	131071	0	3	0	0	10351	1
3214	Improved Atone	-1	2	65535	127	131071	0	3	0	0	10364	1
3215	Projection of Doom	-1	16	65535	127	131071	0	3	0	0	10352	1
3216	Projection of Piety	-1	4	65535	127	131071	0	3	0	0	10353	1
3217	Hastened Jolting Kicks	-1	8	65535	127	131071	0	3	0	0	12500	1
3218	Enchant Cosgrite	6	8192	65535	127	131071	0	3	0	1	7741	1
3219	Mass Enchant Cosgrite	6	8192	65535	127	131071	0	3	0	1	7742	1
3500	Blessing of Light	-1	4	65535	127	131071	0	3	0	0	10355	1
3506	Fierce Eye	-1	128	65535	127	131071	0	3	0	0	5717	1
3511	Punch Mastery	-1	64	65535	127	131071	0	3	0	0	6020	1
3512	Companion's Durability	-1	30224	65535	127	131071	0	2	0	0	6051	1
3513	Rake's Deadly Aim	-1	256	65535	127	131071	0	3	0	0	6322	1
3514	Rogue's Fury	-1	256	65535	127	131071	0	3	0	0	6325	1
3515	Envenomed Blades	-1	256	65535	127	131071	0	3	0	0	6328	1
3516	Companion of Necessity	-1	4096	65535	127	131071	0	3	0	0	6333	1
3517	Rake's Powerful Aim	-1	256	65535	127	131071	0	3	0	0	6334	1
3518	Hastened Cacophony	-1	128	65535	127	131071	0	3	0	0	6337	1
3519	Hastened Funeral Dirge	-1	128	65535	127	131071	0	3	0	0	6340	1
3520	Master's Hastened Combination	-1	64	65535	127	131071	0	3	0	0	6343	1
3521	Hastened Silent Casting	-1	546	65535	127	131071	0	2	0	0	6346	1
3522	Hastened Silent Casting	-1	15360	65535	127	131071	0	2	0	0	6349	1
3525	Precise Blow	-1	32768	65535	127	131071	0	3	0	0	5776	1
3550	Beguiler's Banishment	-1	8192	65535	127	131071	0	3	0	0	5849	1
3551	Beguiler's Directed Banishment	-1	8192	65535	127	131071	0	3	0	0	5870	1
3600	Rapid Defiance	1	1	65535	127	131071	0	3	0	1	6136	1
3646	Blast of Anger	-1	1	65535	127	131071	0	3	0	0	6135	1
3676	Gift of Life	-1	4	65535	127	131071	0	3	0	0	10354	1
3701	Dirge of the Sleepwalker	-1	128	65535	127	131071	0	3	0	0	6200	1
3702	Quick Time	-1	128	65535	127	131071	0	3	0	0	6201	1
3703	Steady Hands 	-1	128	65535	127	131071	0	3	0	0	6202	1
3704	Selo's Sonata	-1	128	65535	127	131071	0	3	0	0	6205	1
3705	Companion's Blessing 	-1	30224	65535	127	131071	0	2	0	0	6206	1
3706	Hastened Bestial Alignment 	-1	16384	65535	127	131071	0	3	0	0	6209	1
3707	Fortify Companion 	-1	30224	65535	127	131071	0	2	0	0	6212	1
3708	Burst of Power 	-1	20	65535	127	131071	0	2	0	0	6215	1
3709	Pact of the Wurine	-1	16384	65535	127	131071	0	3	0	0	6218	1
3710	Reckless Abandon 	-1	32768	65535	127	131071	0	3	0	0	6219	1
3711	Gift of Resurrection	-1	4	65535	127	131071	0	3	0	0	6222	1
3713	Hastened Call of the Wild 	-1	544	65535	127	131071	0	3	0	0	6228	1
3714	Protection of Direwood	-1	32	65535	127	131071	0	3	0	0	6232	1
3716	Clinging Root 	-1	8192	65535	127	131071	0	3	0	0	6236	1
3718	Critical Affliction	-1	8194	65535	127	131071	0	2	0	0	6240	1
3720	Mana Overburn 	-1	8192	65535	127	131071	0	3	0	0	6249	1
3724	Knight's Return Strike 	-1	20	65535	127	131071	0	3	0	0	6266	1
3725	Hunter's Return Kick 	-1	8	65535	127	131071	0	3	0	0	6269	1
3726	Hastened Ligament Slice 	-1	256	65535	127	131071	0	3	0	0	6272	1
3727	Knave's Return Strike	-1	256	65535	127	131071	0	3	0	0	6275	1
3728	Storm Strike	-1	32	65535	127	131071	0	3	0	0	6278	1
3729	Turgur's Swarm	-1	512	65535	127	131071	0	3	0	0	6281	1
3730	Silent Presence	-1	512	65535	127	131071	0	3	0	0	6282	1
3731	Infused by Rage 	-1	1	65535	127	131071	0	3	0	0	6283	1
3732	Gut Punch	-1	1	65535	127	131071	0	3	0	0	6286	1
3733	Warlord's Return Kick	-1	1	65535	127	131071	0	3	0	0	6287	1
3734	Arcomancy 	-1	2048	65535	127	131071	0	3	0	0	6290	1
3800	Blessing of Resurrection	-1	2	65535	127	131071	0	3	0	0	6299	1
3801	General Sturdiness	-1	65535	65535	127	131071	0	1	0	0	6119	1
3802	Shield Block	-1	392	65535	127	131071	0	2	0	0	6124	1
3803	Hastened Trueshot	-1	8	65535	127	131071	0	3	0	0	6355	1
3804	Outrider's Accuracy	-1	8	65535	127	131071	0	3	0	0	6370	1
3805	Hastened Mend	-1	64	65535	127	131071	0	3	0	0	4801	1
3812	Perfected Invisibility	-1	14336	65535	127	131071	0	3	0	0	7069	1
3813	Spell Casting Reinforcement	-1	7168	65535	127	131071	0	2	0	0	6257	1
3815	Destructive Cascade	-1	9776	65535	127	131071	0	3	0	0	6375	1
3816	Companion's Relocation	-1	30224	65535	127	131071	0	3	0	0	6379	1
3817	Focused Paragon of Spirits	-1	16384	65535	127	131071	0	3	0	0	6380	1
3818	Companion's Agility	-1	30224	65535	127	131071	0	3	0	0	6383	1
3819	Maestro's Concentration	-1	128	65535	127	131071	0	3	0	0	6386	1
3820	Blessing of Life	-1	4	65535	127	131071	0	3	0	0	6395	1
3821	Quickened Harvest of Druzzil	-1	2048	65535	127	131071	0	3	0	0	6503	1
3822	Chattering Bones	-1	16	65535	127	131071	0	3	0	0	6508	1
3823	Warlord's Deadly Aim	-1	1	65535	127	131071	0	3	0	0	6511	1
3824	Quickened Call of the Wild	-1	544	65535	127	131071	0	3	0	0	6514	1
3826	Force of Disruption	-1	4	65535	127	131071	0	3	0	0	5984	1
3830	Hastened Divine Avatar	-1	2	65535	127	131071	0	3	0	0	7100	1
3831	Hastened Purification	-1	4	65535	127	131071	0	3	0	0	7103	1
3832	Beastlords Feral Kick	-1	16384	65535	127	131071	0	3	0	0	7106	1
3833	Burst of Power 	-1	32841	65535	127	131071	0	2	0	0	6409	1
3834	Burst of Power 	-1	256	65535	127	131071	0	2	0	0	6419	1
3835	Shield Block	-1	15360	65535	127	131071	0	2	0	0	6428	1
3836	Holy Root	-1	2	65535	127	131071	0	3	0	0	6436	1
3837	Burst of Power 	-1	16512	65535	127	131071	0	2	0	0	6060	1
3838	Quickened Suspend Minion	-1	30224	65535	127	131071	0	3	0	0	6445	1
3839	Quickened Summon Axes	-1	32768	65535	127	131071	0	3	0	0	6452	1
3840	Recourse of Life	-1	2	65535	127	131071	0	3	0	0	6601	1
3841	Call Hither	-1	4096	65535	127	131071	0	3	0	0	6455	1
3842	Fortified Survival	-1	32	65535	127	131071	0	3	0	0	6458	1
3843	Fortified Intervention	-1	512	65535	127	131071	0	3	0	0	6461	1
3865	Planar Durability	-1	72	65535	127	131071	0	3	0	0	6422	1
3890	Hastened Force of Will	-1	2048	65535	127	131071	0	3	0	0	7822	1
3891	Hastened Burnout	-1	4096	65535	127	131071	0	3	0	0	7832	1
3892	Hastened Rumbling Servant	-1	4096	65535	127	131071	0	3	0	0	7828	1
3893	Extended Rumbling Servant	-1	4096	65535	127	131071	0	3	0	0	7827	1
3899	Furious Leap	-1	32769	65535	127	131071	0	3	0	0	6499	1
4001	Undaunted Fury	-1	32768	65535	127	131071	0	3	0	0	7407	1
4002	Frenzied Volley	-1	32768	65535	127	131071	0	3	0	0	7818	1
4200	Hastened Forceful Rejuvenation	-1	32318	65535	127	131071	0	2	0	0	12475	1
4666	Shield Specialist	-1	20	65535	127	131071	0	3	0	0	4666	1
5000	Glyph of Courage	7	65535	65535	127	131071	0	4	1	0	7000	1
5002	Glyph of Stored Life	7	65535	65535	127	131071	0	4	1	0	7002	1
5003	Glyph of Frantic Infusion	7	30224	65535	127	131071	0	4	1	0	7003	1
5004	Glyph of Angry Thoughts	7	65535	65535	127	131071	0	4	1	0	7004	1
5005	Foraging	8	65535	65535	127	131071	0	1	0	0	7062	1
6000	Harm Touch	9	16	65535	127	131071	0	3	0	0	7800	1
6001	Lay on Hands	9	4	65535	127	131071	0	3	0	0	7850	1
6002	Hunter's Attack Power	-1	8	65535	127	131071	0	3	0	0	6546	1
6106	Sustained Destruction	-1	2048	65535	127	131071	0	3	0	0	6106	1
6302	Hastened Reckless Abandon	-1	32768	65535	127	131071	0	3	0	0	6302	1
6362	Hastened Recklessness	-1	32768	65535	127	131071	0	3	0	0	6362	1
6478	Hastened Blessing of Resurrection	-1	2	65535	127	131071	0	3	0	0	6478	1
6481	Hastened Divine Resurrection	-1	2	65535	127	131071	0	3	0	0	6481	1
6488	Flurry of Life	-1	2	65535	127	131071	0	3	0	0	6488	1
6489	Hastened Holyforge	-1	4	65535	127	131071	0	3	0	0	6489	1
6492	Inquisitor's Judgement	-1	4	65535	127	131071	0	3	0	0	6492	1
6988	Extended Group Bestial Alignment	-1	16384	65535	127	131071	0	3	0	0	6988	1
7000	Voice of Thule	-1	16	65535	127	131071	0	3	0	0	6639	1
7001	Zan Fi's Whistle	-1	64	65535	127	131071	0	3	0	0	7872	1
7002	Summon Remains	-1	1024	65535	127	131071	0	3	0	0	9500	1
7003	Forceful Rejuvenation	-1	32318	65535	127	131071	0	2	0	0	9502	1
7007	Summon Remains	-1	16	65535	127	131071	0	3	0	0	9501	1
7009	Teleport Bind	-1	32	65535	127	131071	0	3	0	0	1419	1
7016	Glyph of the Master	7	65535	65535	127	131071	0	4	1	0	7016	1
7017	Glyph of Lost Secrets	7	32318	65535	127	131071	0	4	1	0	7017	1
7018	Glyph of Genari Might	7	65535	65535	127	131071	0	4	1	0	7018	1
7019	Glyph of the Cataclysm	7	65535	65535	127	131071	0	4	1	0	7019	1
7025	Group Shrink	-1	16384	65535	127	131071	0	3	0	0	7669	1
7033	Lasting Bravery	-1	1	65535	127	131071	0	3	0	0	7033	1
7036	Hastened Blast of Anger	-1	1	65535	127	131071	0	3	0	0	7036	1
7050	Call of the Hero	-1	4096	65535	127	131071	0	3	0	0	1017	1
7060	Precision of Axes	-1	32768	65535	127	131071	0	3	0	0	4809	1
7070	Hastened Distraction Attack	-1	32768	65535	127	131071	0	3	0	0	6941	1
7105	Deathly Pact	-1	1040	65535	127	131071	0	3	0	0	976	1
7106	Planar Durability	-1	16768	65535	127	131071	0	3	0	0	6467	1
7107	Hastened Getaway	-1	256	65535	127	131071	0	3	0	0	7005	1
7108	Divine Aura	-1	4	65535	127	131071	0	3	0	0	977	1
7109	Hastened Wrath of the Wild	-1	32	65535	127	131071	0	3	0	0	7664	1
7689	Burst of Life	-1	2	65535	127	131071	0	3	0	0	7689	1
7690	Spirit Mastery	-1	2	65535	127	131071	0	3	0	0	7690	1
7695	Quickened Blood of Avoling	-1	512	65535	127	131071	0	3	0	0	7695	1
7698	Dead Man Floating	-1	1024	65535	127	131071	0	3	0	0	7698	1
7699	Dread Incarnate	-1	1024	65535	127	131071	0	3	0	0	7699	1
7700	Flurry	-1	256	65535	127	131071	0	3	0	0	7700	1
7703	Death Bloom	-1	1024	65535	127	131071	0	3	0	0	7703	1
7712	Disruptive Persecution	-1	4	65535	127	131071	0	3	0	0	7712	1
7715	Hastened Whisperwind	-1	1024	65535	127	131071	0	3	0	0	7715	1
7743	Hastened Guardian of the Forest	-1	8	65535	127	131071	0	3	0	0	7743	1
7746	Hastened Flusterbolt	-1	8	65535	127	131071	0	3	0	0	7746	1
7747	Volatile Arrow	-1	8	65535	127	131071	0	3	0	0	7747	1
7748	Pathfinder's Grace	-1	8	65535	127	131071	0	3	0	0	7748	1
7751	Hastened Cover Tracks	-1	8	65535	127	131071	0	3	0	0	7751	1
7754	Steed of Souls	-1	16	65535	127	131071	0	3	0	0	7754	1
7755	Scourge Skin	-1	16	65535	127	131071	0	3	0	0	7755	1
7756	Death's Effigy	-1	16	65535	127	131071	0	3	0	0	7756	1
7757	Hastened Visage of Death	-1	16	65535	127	131071	0	3	0	0	7757	1
7760	Hastened Hate Step	-1	16	65535	127	131071	0	3	0	0	7760	1
7801	Songwriting	6	128	65535	127	131071	0	3	0	0	9001	1
7809	Hybrid Research	6	16412	65535	127	131071	0	2	0	0	9011	1
7819	Written Prayer	6	546	65535	127	131071	0	2	0	0	9021	1
7925	Sionachie's Crescendo	-1	128	65535	127	131071	0	3	0	0	1018	1
8081	Summon Resupply Agent	5	65535	65535	127	131071	0	4	0	1	9000	1
8130	Summon Clockwork Banker	5	65535	65535	127	131071	0	4	0	1	9031	1
8200	Hastened Dirge of the Sleepwalker	-1	128	65535	127	131071	0	3	0	0	10329	1
8201	Vainglorious Shout 	-1	128	65535	127	131071	0	3	0	0	10330	1
8202	Lyre Leap 	-1	128	65535	127	131071	0	3	0	0	10331	1
8203	Domination Mastery 	-1	128	65535	127	131071	0	3	0	0	10332	1
8204	Lyrical Prankster	-1	128	65535	127	131071	0	3	0	0	10333	1
8205	Selo's Kick 	-1	128	65535	127	131071	0	3	0	0	10336	1
8261	A Tune Stuck In Your Head	-1	128	65535	127	131071	0	3	0	0	10339	1
8262	The Show Must Go On	-1	128	65535	127	131071	0	3	0	0	7010	1
8300	Spell Casting Subtlety	-1	16384	65535	127	131071	0	2	0	0	10370	1
8301	Improved Natural Invisibility	-1	16384	65535	127	131071	0	3	0	0	10373	1
8302	Protection of the Warder	-1	16384	65535	127	131071	0	3	0	0	10374	1
8303	Nature's Salve	-1	16384	65535	127	131071	0	3	0	0	10377	1
8304	Focus of Animus	-1	16384	65535	127	131071	0	3	0	0	10380	1
8314	Fluid March	-1	128	65535	127	131071	0	3	0	0	8314	1
8317	Hastened Selo's Kick	-1	128	65535	127	131071	0	3	0	0	8317	1
8319	Hastened Bellow	-1	128	65535	127	131071	0	3	0	0	8319	1
8322	Belltone Mind	-1	128	65535	127	131071	0	3	0	0	8322	1
8325	Subtle Blows	-1	256	65535	127	131071	0	3	0	0	8325	1
8331	Enhanced Thief's Eyes	-1	256	65535	127	131071	0	3	0	0	8331	1
8332	Extended Languid Bite	-1	512	65535	127	131071	0	3	0	0	8332	1
8335	Quickened Malosinete	-1	512	65535	127	131071	0	3	0	0	8335	1
8341	Drape of Shadows	-1	4096	65535	127	131071	0	3	0	0	8341	1
8342	Host in the Shell	-1	4096	65535	127	131071	0	3	0	0	8342	1
8347	Hastened Mana Draw	-1	8192	65535	127	131071	0	3	0	0	8347	1
8350	Hastened Mezmerization	-1	8192	65535	127	131071	0	3	0	0	8350	1
8400	Self Preservation	-1	32768	65535	127	131071	0	3	0	0	10400	1
8401	Hastened Frenzy	-1	32768	65535	127	131071	0	3	0	0	10401	1
8402	Extended Havoc	-1	32768	65535	127	131071	0	3	0	0	10404	1
8500	Healing Frenzy	-1	2	65535	127	131071	0	3	0	0	10450	1
8501	Overpowering Strikes	-1	6	65535	127	131071	0	3	0	0	10453	1
8502	Quickened Blessing of Ressurection	-1	2	65535	127	131071	0	3	0	0	10456	1
8503	Hastened Atonement	-1	2	65535	127	131071	0	3	0	0	10459	1
8504	Improved Sanctuary	-1	2	65535	127	131071	0	3	0	0	10462	1
8505	Blessing of Sanctuary	-1	2	65535	127	131071	0	3	0	0	10463	1
8506	Hastened Celestial Hammer	-1	2	65535	127	131071	0	3	0	0	10464	1
8600	Spirit of Eagle	-1	40	65535	127	131071	0	3	0	0	10500	1
8601	Flight of Eagles	-1	32	65535	127	131071	0	3	0	0	10501	1
8602	Egress	-1	32	65535	127	131071	0	3	0	0	10502	1
8603	Spirits of Nature	-1	32	65535	127	131071	0	3	0	0	10503	1
8604	Wall of Wind	-1	32	65535	127	131071	0	3	0	0	10506	1
8605	Hastened Spirit of the Wood	-1	32	65535	127	131071	0	3	0	0	10511	1
8606	Hastened Convergence of Spirits	-1	32	65535	127	131071	0	3	0	0	10514	1
8700	Beam of Slumber	-1	8192	65535	127	131071	0	3	0	0	10550	1
8701	Phantasmic Reflex	-1	8192	65535	127	131071	0	3	0	0	10551	1
8702	Friendly Stasis	-1	8192	65535	127	131071	0	3	0	0	10557	1
8703	Hastened Self Stasis	-1	8192	65535	127	131071	0	3	0	0	10558	1
8704	Forceful Banishment	-1	8192	65535	127	131071	0	3	0	0	10561	1
8708	Hastened Cascading Rage	-1	32768	65535	127	131071	0	3	0	0	6908	1
8800	Force of Elements	-1	4096	65535	127	131071	0	3	0	0	10600	1
8801	Aspect of Zomm	-1	6144	65535	127	131071	0	3	0	0	10603	1
8802	Extended Shared Health	-1	4096	65535	127	131071	0	3	0	0	10610	1
8900	Agile Feet	-1	64	65535	127	131071	0	3	0	0	10650	1
8901	Hastened Defensive Poses	-1	64	65535	127	131071	0	3	0	0	10653	1
8902	Extended Impenetrable Discipline	-1	64	65535	127	131071	0	3	0	0	10656	1
8903	Hastened Destructive Force	-1	64	65535	127	131071	0	3	0	0	10657	1
9001	Reluctant Benevolence	-1	1024	65535	127	131071	0	3	0	0	10701	1
9100	Bestow Divine Aura	-1	4	65535	127	131071	0	3	0	0	10752	1
9101	Blessing of Purification	-1	4	65535	127	131071	0	3	0	0	10753	1
9102	Sense the Dead	-1	1030	65535	127	131071	0	3	0	0	10754	1
9200	Hastened Auspice of the Hunter	-1	8	65535	127	131071	0	3	0	0	10800	1
9201	Clenched Jaw	-1	8	65535	127	131071	0	3	0	0	10803	1
9202	Scout's Mastery of Fire	-1	8	65535	127	131071	0	3	0	0	10806	1
9203	Scout's Mastery of Ice	-1	8	65535	127	131071	0	3	0	0	10809	1
9205	Scout's Mastery of Slashing	-1	8	65535	127	131071	0	3	0	0	10815	1
9206	Scout's Mastery of Piercing	-1	8	65535	127	131071	0	3	0	0	10818	1
9207	Scout's Mastery of Blunt Weapons	-1	8	65535	127	131071	0	3	0	0	10821	1
9300	Massive Strike	-1	256	65535	127	131071	0	3	0	0	10850	1
9301	Strikethrough	-1	256	65535	127	131071	0	3	0	0	10853	1
9400	Hate's Attraction	-1	16	65535	127	131071	0	3	0	0	10900	1
9401	Feigned Minion	-1	16	65535	127	131071	0	3	0	0	10903	1
9402	Hastened Summon Remains	-1	16	65535	127	131071	0	3	0	0	10909	1
9403	Visage of Death	-1	16	65535	127	131071	0	3	0	0	10912	1
9404	Cascading Theft of Life	-1	16	65535	127	131071	0	3	0	0	10915	1
9500	Extended Sloth	-1	512	65535	127	131071	0	3	0	0	10950	1
9501	Hastened Ancestral Aid	-1	512	65535	127	131071	0	3	0	0	10951	1
9502	Hastened Union of Spirits	-1	512	65535	127	131071	0	3	0	0	10954	1
9503	Group Shrink	-1	512	65535	127	131071	0	3	0	0	10957	1
9504	Inconspicuous Totem	-1	512	65535	127	131071	0	3	0	0	10958	1
9505	Extended Pestilence	-1	512	65535	127	131071	0	3	0	0	10959	1
9600	Hastened Taunt	-1	1	65535	127	131071	0	3	0	0	11000	1
9601	Extended Shield Reflect	-1	1	65535	127	131071	0	3	0	0	11003	1
9602	Extended Commanding Voice	-1	1	65535	127	131071	0	3	0	0	11004	1
9700	Hastened Destruction	-1	2048	65535	127	131071	0	3	0	0	11050	1
9701	Netherstep	-1	2048	65535	127	131071	0	3	0	0	11055	1
9702	Beam of Displacement	-1	2048	65535	127	131071	0	3	0	0	11056	1
9703	Translocate	-1	2048	65535	127	131071	0	3	0	0	11057	1
9704	Teleport	-1	2048	65535	127	131071	0	3	0	0	11058	1
10367	Ageless Enmity	-1	1	65535	127	131071	0	2	0	0	10367	1
10389	Extended Trickery	-1	256	65535	127	131071	0	3	0	0	10389	1
10392	Ageless Enmity	-1	20	65535	127	131071	0	2	0	0	10392	1
10393	Shackles of Tunare	-1	4	65535	127	131071	0	3	0	0	10393	1
10394	Beacon of the Righteous	-1	4	65535	127	131071	0	3	0	0	10394	1
10395	Bobbing Corpse	-1	16	65535	127	131071	0	3	0	0	10395	1
10396	Group Spirit of the White Wolf	-1	32	65535	127	131071	0	3	0	0	10396	1
10397	Group Spirit of the Black Wolf	-1	32	65535	127	131071	0	3	0	0	10397	1
10405	Hastened Deflection Discipline	-1	20	65535	127	131071	0	3	0	0	10405	1
10410	Rogue Triple Attack Skillup Test	-1	256	65535	127	131071	0	3	0	1	10410	1
10413	Hastened Host of the Elements	-1	4096	65535	127	131071	0	3	0	0	10413	1
10424	Hand of Ro	-1	32	65535	127	131071	0	3	0	0	10424	1
10425	Fixation of Ro	-1	32	65535	127	131071	0	3	0	0	10425	1
10426	Peaceful Spirit of the Wood	-1	32	65535	127	131071	0	3	0	0	10426	1
10427	Peaceful Convergence of Spirits	-1	32	65535	127	131071	0	3	0	0	10427	1
10434	Quickened Army of the Dead	-1	1024	65535	127	131071	0	3	0	0	10434	1
11073	Playing Possum	-1	16384	65535	127	131071	0	3	0	0	11073	1
11074	Cat-like Reflexes	-1	16384	65535	127	131071	0	3	0	0	11074	1
11077	Hastened Bite of the Asp	-1	16384	65535	127	131071	0	3	0	0	11077	1
11078	Hastened Gorilla Smash	-1	16384	65535	127	131071	0	3	0	0	11078	1
11079	Hastened Raven's Claw	-1	16384	65535	127	131071	0	3	0	0	11079	1
11080	Chameleon Strike	-1	16384	65535	127	131071	0	3	0	0	11080	1
11085	Two Hands, No Mercy!	-1	32768	65535	127	131071	0	3	0	0	11085	1
11088	Hastened Cry of Battle	-1	32768	65535	127	131071	0	3	0	0	11088	1
12600	Hastened Frenzied Stabbing	-1	256	65535	127	131071	0	3	0	0	12600	1
12603	Extended Frenzied Stabbing Discipline	-1	256	65535	127	131071	0	3	0	0	12603	1
12606	Speed of the Scoundrel	-1	256	65535	127	131071	0	3	0	0	12606	1
12607	Hastened Pinpoint	-1	256	65535	127	131071	0	3	0	0	12607	1
12615	Hastened Twisted Chance Discipline	-1	256	65535	127	131071	0	3	0	0	12615	1
15073	Banestrike	2	65535	65535	127	131071	0	4	0	1	15073	1
15074	Hastened Banestrike	2	65535	65535	127	131071	0	4	0	1	15074	1
30050	Unknown AA 30050	2	65535	65535	127	131071	0	4	0	1	30050	1
30100	Unknown AA 30100	2	65535	65535	127	131071	0	4	0	1	30100	1
30150	Unknown AA 30150	2	65535	65535	127	131071	0	4	0	1	30150	1
30175	Unknown AA 30175	2	65335	65535	127	131071	0	4	0	1	30175	1
30180	Unknown AA 30180	2	128	65535	127	131071	0	4	0	1	30180	1
30185	Unknown AA 30185	2	64	65535	127	131071	0	4	0	1	30185	1
30190	Unknown AA 30190	2	8	65535	127	131071	0	4	0	1	30190	1
30195	Unknown AA 30195	2	65535	65535	127	131071	0	4	0	1	30195	1
