1	2	1	4	2	0
2	3	1	4	4	0
3	4	1	4	6	0
4	5	1	4	8	0
5	6	1	4	10	0
6	7	1	7	2	0
7	8	1	7	4	0
8	9	1	7	6	0
9	10	1	7	8	0
10	11	1	7	10	0
11	12	1	6	2	0
12	13	1	6	4	0
13	14	1	6	6	0
14	15	1	6	8	0
15	16	1	6	10	0
16	17	1	5	2	0
17	18	1	5	4	0
18	19	1	5	6	0
19	20	1	5	8	0
20	21	1	5	10	0
21	22	1	8	2	0
22	23	1	8	4	0
23	24	1	8	6	0
24	25	1	8	8	0
25	26	1	8	10	0
26	27	1	9	2	0
27	28	1	9	4	0
28	29	1	9	6	0
29	30	1	9	8	0
30	31	1	9	10	0
31	32	1	10	2	0
32	33	1	10	4	0
33	34	1	10	6	0
34	35	1	10	8	0
35	36	1	10	10	0
36	37	1	46	2	0
37	38	1	46	4	0
38	39	1	46	6	0
39	40	1	46	8	0
40	41	1	46	10	0
41	42	1	47	2	0
42	43	1	47	4	0
43	44	1	47	6	0
44	45	1	47	8	0
45	46	1	47	10	0
46	47	1	50	2	0
47	48	1	50	4	0
48	49	1	50	6	0
49	50	1	50	8	0
50	51	1	50	10	0
51	52	1	48	2	0
52	53	1	48	4	0
53	54	1	48	6	0
54	55	1	48	8	0
55	56	1	48	10	0
56	57	1	49	2	0
57	58	1	49	4	0
58	59	1	49	6	0
59	60	1	49	8	0
60	61	1	49	10	0
61	62	1	271	8	0
62	63	1	271	14	0
63	64	1	271	21	0
64	65	1	0	1	0
65	66	1	0	2	0
66	67	1	0	3	0
67	71	1	246	110	0
68	72	1	246	125	0
69	73	1	246	150	0
70	89	1	15	1	0
71	90	1	15	2	0
72	91	1	15	3	0
1953	104	1	127	10	10
1954	104	2	138	1	0
1955	104	3	140	1	0
1956	104	4	143	3000	0
1957	105	1	127	25	25
1958	105	2	138	1	0
1959	105	3	140	1	0
1960	105	4	143	3000	0
1961	106	1	127	50	50
1962	106	2	138	1	0
1963	106	3	140	1	0
1964	106	4	143	3000	0
910	107	1	214	200	0
911	108	1	214	500	0
912	109	1	214	1000	0
88	110	1	0	1	0
89	111	1	0	2	0
90	112	1	0	3	0
1908	137	1	127	10	10
1909	137	2	137	88	0
1910	138	1	127	25	25
1911	138	2	137	88	0
1912	139	1	127	50	50
1913	139	2	137	88	0
1893	141	1	127	2	2
1894	141	2	137	0	0
1895	141	3	138	0	0
1896	141	4	141	1	0
1897	141	5	143	3000	0
1898	142	1	127	5	5
1899	142	2	137	0	0
1900	142	3	138	0	0
1901	142	4	141	1	0
1902	142	5	143	3000	0
1903	143	1	127	10	10
1904	143	2	137	0	0
1905	143	3	138	0	0
1906	143	4	141	1	0
1907	143	5	143	3000	0
1941	147	1	127	10	10
1942	147	2	138	1	0
1943	147	3	140	1	0
1944	147	4	143	3000	0
1945	148	1	127	25	25
1946	148	2	138	1	0
1947	148	3	140	1	0
1948	148	4	143	3000	0
1949	149	1	127	50	50
1950	149	2	138	1	0
1951	149	3	140	1	0
1952	149	4	143	3000	0
1914	164	1	127	10	10
1915	164	2	137	32	0
1916	164	3	127	10	10
1917	164	4	137	33	0
1923	165	1	127	25	25
1924	165	2	137	32	0
1925	165	3	127	25	25
1926	165	4	137	33	0
1932	166	1	127	50	50
1933	166	2	137	32	0
1934	166	3	127	50	50
1935	166	4	137	33	0
137	196	1	226	1	0
138	237	1	227	1	25
139	238	1	227	3	25
140	239	1	227	5	25
1077	270	1	270	10	0
1078	271	1	270	15	0
1079	272	1	270	25	0
144	278	1	0	1	0
145	278	2	15	1	0
907	279	1	214	200	0
147	280	1	227	1	62
148	280	2	227	1	17
149	281	1	227	3	62
150	281	2	227	3	17
151	282	1	227	5	62
152	282	2	227	5	17
153	292	1	4	2	0
154	293	1	4	4	0
155	294	1	4	6	0
156	295	1	4	8	0
157	296	1	4	10	0
158	297	1	4	12	0
159	298	1	4	14	0
160	299	1	4	16	0
161	300	1	4	18	0
162	301	1	4	20	0
163	302	1	7	2	0
164	303	1	7	4	0
165	304	1	7	6	0
166	305	1	7	8	0
167	306	1	7	10	0
168	307	1	7	12	0
169	308	1	7	14	0
170	309	1	7	16	0
171	310	1	7	18	0
172	311	1	7	20	0
173	312	1	6	2	0
174	313	1	6	4	0
175	314	1	6	6	0
176	315	1	6	8	0
177	316	1	6	10	0
178	317	1	6	12	0
179	318	1	6	14	0
180	319	1	6	16	0
181	320	1	6	18	0
182	321	1	6	20	0
183	322	1	5	2	0
184	323	1	5	4	0
185	324	1	5	6	0
186	325	1	5	8	0
187	326	1	5	10	0
188	327	1	5	12	0
189	328	1	5	14	0
190	329	1	5	16	0
191	330	1	5	18	0
192	331	1	5	20	0
193	332	1	8	2	0
194	333	1	8	4	0
195	334	1	8	6	0
196	335	1	8	8	0
197	336	1	8	10	0
198	337	1	8	12	0
199	338	1	8	14	0
200	339	1	8	16	0
201	340	1	8	18	0
202	341	1	8	20	0
203	342	1	9	2	0
204	343	1	9	4	0
205	344	1	9	6	0
206	345	1	9	8	0
207	346	1	9	10	0
208	347	1	9	12	0
209	348	1	9	14	0
210	349	1	9	16	0
211	350	1	9	18	0
212	351	1	9	20	0
213	352	1	10	2	0
214	353	1	10	4	0
215	354	1	10	6	0
216	355	1	10	8	0
217	356	1	10	10	0
218	357	1	10	12	0
219	358	1	10	14	0
220	359	1	10	16	0
221	360	1	10	18	0
222	361	1	10	20	0
223	362	1	46	2	0
224	363	1	46	4	0
225	364	1	46	6	0
226	365	1	46	8	0
227	366	1	46	10	0
229	368	1	46	14	0
230	369	1	46	16	0
231	370	1	46	18	0
232	371	1	46	20	0
233	372	1	47	2	0
234	373	1	47	4	0
235	374	1	47	6	0
236	375	1	47	8	0
237	376	1	47	10	0
238	377	1	47	12	0
239	378	1	47	14	0
240	379	1	47	16	0
241	380	1	47	18	0
242	381	1	47	20	0
243	382	1	50	2	0
244	383	1	50	4	0
245	384	1	50	6	0
246	385	1	50	8	0
247	386	1	50	10	0
248	387	1	50	12	0
249	388	1	50	14	0
250	389	1	50	16	0
251	390	1	50	18	0
252	391	1	50	20	0
253	392	1	48	2	0
254	393	1	48	4	0
255	394	1	48	6	0
256	395	1	48	8	0
257	396	1	48	10	0
258	397	1	48	12	0
259	398	1	48	14	0
260	399	1	48	16	0
261	400	1	48	18	0
262	401	1	48	20	0
263	402	1	49	2	0
264	403	1	49	4	0
265	404	1	49	6	0
266	405	1	49	8	0
267	406	1	49	10	0
268	407	1	49	12	0
269	408	1	49	14	0
270	409	1	49	16	0
271	410	1	49	18	0
272	411	1	49	20	0
273	418	1	262	5	0
274	418	2	262	5	1
275	418	3	262	5	2
276	418	4	262	5	3
277	418	5	262	5	4
278	418	6	262	5	5
279	418	7	262	5	6
280	419	1	262	10	0
281	419	2	262	10	1
282	419	3	262	10	2
283	419	4	262	10	3
284	419	5	262	10	4
285	419	6	262	10	5
286	419	7	262	10	6
287	420	1	262	15	0
288	420	2	262	15	1
289	420	3	262	15	2
290	420	4	262	15	3
291	420	5	262	15	4
292	420	6	262	15	5
293	420	7	262	15	6
294	421	1	262	20	0
295	421	2	262	20	1
296	421	3	262	20	2
297	421	4	262	20	3
298	421	5	262	20	4
299	421	6	262	20	5
300	421	7	262	20	6
301	422	1	262	25	0
302	422	2	262	25	1
303	422	3	262	25	2
304	422	4	262	25	3
305	422	5	262	25	4
306	422	6	262	25	5
307	422	7	262	25	6
308	423	1	214	150	0
309	424	1	214	300	0
310	425	1	214	450	0
311	426	1	262	10	4
312	426	2	262	10	5
313	427	1	262	20	4
314	427	2	262	20	5
315	428	1	262	30	4
316	428	2	262	30	5
317	429	1	262	40	4
318	429	2	262	40	5
319	430	1	262	50	4
320	430	2	262	50	5
2267	568	1	270	5	0
2268	569	1	270	10	0
2269	570	1	270	15	0
324	622	1	227	1	29
325	623	1	227	2	29
326	624	1	227	3	29
327	628	1	290	5	0
328	629	1	290	15	0
329	672	1	271	7	0
330	673	1	271	14	0
331	676	1	246	125	0
332	677	1	246	150	0
333	978	1	14	1	0
334	1001	1	262	5	0
335	1001	2	262	5	1
336	1001	3	262	5	2
337	1001	4	262	5	3
338	1001	5	262	5	4
339	1001	6	262	5	5
340	1001	7	262	5	6
341	1002	1	262	10	0
342	1002	2	262	10	1
343	1002	3	262	10	2
344	1002	4	262	10	3
345	1002	5	262	10	4
346	1002	6	262	10	5
347	1002	7	262	10	6
348	1003	1	262	15	0
349	1003	2	262	15	1
350	1003	3	262	15	2
351	1003	4	262	15	3
352	1003	5	262	15	4
353	1003	6	262	15	5
354	1003	7	262	15	6
355	1004	1	262	20	0
356	1004	2	262	20	1
357	1004	3	262	20	2
358	1004	4	262	20	3
359	1004	5	262	20	4
360	1004	6	262	20	5
361	1004	7	262	20	6
362	1005	1	262	25	0
363	1005	2	262	25	1
364	1005	3	262	25	2
365	1005	4	262	25	3
366	1005	5	262	25	4
367	1005	6	262	25	5
368	1005	7	262	25	6
369	1006	1	262	5	7
370	1006	2	262	5	8
371	1006	3	262	5	9
372	1006	4	262	5	10
373	1006	5	262	5	11
374	1007	1	262	10	7
375	1007	2	262	10	8
376	1007	3	262	10	9
377	1007	4	262	10	10
378	1007	5	262	10	11
379	1008	1	262	15	7
380	1008	2	262	15	8
381	1008	3	262	15	9
382	1008	4	262	15	10
383	1008	5	262	15	11
384	1009	1	262	20	7
385	1009	2	262	20	8
386	1009	3	262	20	9
387	1009	4	262	20	10
388	1009	5	262	20	11
389	1010	1	262	25	7
390	1010	2	262	25	8
391	1010	3	262	25	9
392	1010	4	262	25	10
393	1010	5	262	25	11
394	1021	1	327	1	0
395	1022	1	327	2	0
396	1023	1	327	3	0
397	1024	1	327	4	0
398	1025	1	327	5	0
399	1071	1	326	1	0
2277	1129	1	267	1	0
2276	288	1	267	1	15
402	678	1	221	3	0
403	679	1	221	6	0
404	680	1	221	9	0
405	681	1	221	12	0
406	682	1	221	15	0
407	807	1	292	5	0
408	808	1	292	10	0
409	809	1	292	15	0
913	864	1	216	10	0
921	865	1	216	20	0
929	866	1	216	30	0
413	907	1	69	100	0
414	908	1	69	200	0
415	909	1	69	300	0
416	910	1	69	400	0
417	911	1	69	500	0
2289	580	9	254	0	0
2288	580	8	254	0	0
2287	580	7	254	0	0
2286	580	6	254	0	0
2285	580	5	254	0	0
2284	580	4	254	0	0
2283	580	3	267	1	5
2282	580	2	267	1	8
2281	580	1	267	1	4
1541	1435	1	339	3	8105
1542	1435	2	142	65	0
1543	1435	3	311	0	0
1544	1435	4	134	70	0
1565	1436	1	339	6	8105
1566	1436	2	142	65	0
1567	1436	3	311	0	0
1568	1436	4	134	70	0
1589	1437	1	339	10	8105
1590	1437	2	142	65	0
1591	1437	3	311	0	0
1592	1437	4	134	70	0
1277	1486	1	339	1	8164
1278	1486	2	138	1	0
1279	1486	3	141	1	0
1280	1486	4	142	60	0
1281	1486	5	137	0	0
1282	1486	6	311	0	0
1293	1487	1	339	3	8165
1294	1487	2	138	1	0
1295	1487	3	141	1	0
1296	1487	4	142	60	0
1297	1487	5	137	0	0
1298	1487	6	311	0	0
1309	1488	1	339	5	8166
1310	1488	2	138	1	0
1311	1488	3	141	1	0
1312	1488	4	142	60	0
1313	1488	5	137	0	0
1314	1488	6	311	0	0
1325	1489	1	339	7	8167
1326	1489	2	138	1	0
1327	1489	3	141	1	0
1328	1489	4	142	60	0
1329	1489	5	137	0	0
1330	1489	6	311	0	0
1341	1490	1	339	9	8168
1342	1490	2	138	1	0
1343	1490	3	141	1	0
1344	1490	4	142	60	0
1345	1490	5	137	0	0
1346	1490	6	311	0	0
1749	625	1	294	3	100
1750	626	1	294	6	100
1751	627	1	294	9	100
472	92	1	294	2	100
473	93	1	294	4	100
474	94	1	294	7	100
475	267	1	294	3	100
476	268	1	294	5	100
477	269	1	294	7	100
478	637	1	294	2	100
479	638	1	294	4	100
480	639	1	294	6	100
481	640	1	294	2	100
482	641	1	294	4	100
483	642	1	294	6	100
484	770	1	294	2	100
485	771	1	294	4	100
486	772	1	294	6	100
487	1107	1	294	2	100
488	1108	1	294	4	100
489	1109	1	294	6	100
490	924	1	294	2	100
491	925	1	294	4	100
1517	1210	1	294	0	107
1518	1211	1	294	0	116
1519	1212	1	294	0	125
1965	77	1	125	2	2
1966	77	2	137	0	0
1973	78	1	125	5	5
1974	78	2	137	0	0
1981	79	1	125	10	10
1982	79	2	137	0	0
1989	434	1	125	13	13
1997	435	1	125	16	16
2005	436	1	125	19	19
1990	434	2	137	0	0
1998	435	2	137	0	0
2006	436	2	137	0	0
507	80	1	274	3	0
2299	581	8	254	0	0
2298	581	7	254	0	0
510	81	1	274	6	0
511	82	1	274	10	0
2297	581	6	254	0	0
513	437	1	274	2	0
514	437	2	141	0	0
515	438	1	274	4	0
516	438	2	141	0	0
517	439	1	274	6	0
518	439	2	141	0	0
833	113	1	169	15	-1
834	114	1	169	30	-1
835	115	1	169	45	-1
836	443	1	169	50	-1
837	444	1	169	100	-1
838	445	1	169	153	-1
1206	767	1	273	3	0
1207	768	1	273	6	0
1208	769	1	273	9	0
1209	1099	1	273	3	0
1210	1100	1	273	6	0
1211	1101	1	273	9	0
531	1011	1	262	8	7
532	1011	2	262	8	8
533	1011	3	262	8	9
534	1011	4	262	8	10
535	1011	5	262	8	11
536	1012	1	262	16	7
537	1012	2	262	16	8
538	1012	3	262	16	9
539	1012	4	262	16	10
540	1012	5	262	16	11
541	1013	1	262	24	7
542	1013	2	262	24	8
543	1013	3	262	24	9
544	1013	4	262	24	10
545	1013	5	262	24	11
546	1014	1	262	32	7
547	1014	2	262	32	8
548	1014	3	262	32	9
549	1014	4	262	32	10
550	1014	5	262	32	11
551	1015	1	262	40	7
552	1015	2	262	40	8
553	1015	3	262	40	9
554	1015	4	262	40	10
555	1015	5	262	40	11
556	1016	1	262	50	7
557	1016	2	262	50	8
558	1016	3	262	50	9
559	1016	4	262	50	10
560	1016	5	262	50	11
561	1361	1	262	10	0
562	1361	2	262	10	1
563	1361	3	262	10	2
564	1361	4	262	10	3
565	1361	5	262	10	4
566	1361	6	262	10	5
567	1361	7	262	10	6
568	1362	1	69	250	0
569	1362	2	97	250	0
570	1362	3	190	250	0
571	1363	1	327	1	0
572	1364	1	273	3	0
573	1364	2	274	3	0
574	1364	3	294	3	100
575	1364	4	319	3	0
576	1364	5	169	3	0
577	1365	1	180	3	0
578	1366	1	262	10	0
579	1366	2	262	10	1
580	1366	3	262	10	2
581	1366	4	262	10	3
582	1366	5	262	10	4
583	1366	6	262	10	5
584	1366	7	262	10	6
585	1367	1	69	250	0
586	1367	2	97	250	0
587	1367	3	190	250	0
588	1368	1	327	1	0
589	1369	1	273	3	0
590	1369	2	274	3	0
591	1369	3	294	3	100
592	1369	4	319	3	0
593	1369	5	169	3	0
594	1370	1	180	3	0
595	116	1	181	5	0
596	117	1	181	15	0
597	118	1	181	25	0
598	195	1	181	100	0
599	683	1	189	1	0
600	684	1	189	2	0
601	685	1	189	3	0
602	674	1	0	1	0
603	675	1	0	2	0
604	1031	1	0	1	0
605	1032	1	0	2	0
606	1033	1	0	3	0
607	1034	1	0	4	0
608	1035	1	0	5	0
609	1072	1	318	1	0
610	1073	1	318	2	0
611	1074	1	318	3	0
612	1075	1	318	4	0
613	1076	1	318	5	0
1215	692	1	229	5	0
1216	693	1	229	10	0
1217	694	1	229	15	0
2296	581	5	267	1	7
2295	581	4	267	1	2
2294	581	3	267	1	5
2293	581	2	267	1	8
2292	581	1	267	1	4
2291	580	11	254	0	0
2290	580	10	254	0	0
2280	1130	2	267	1	24
2279	1130	1	267	1	21
2278	1129	2	267	1	24
627	1026	1	328	50	0
628	1027	1	328	100	0
629	1028	1	328	150	0
630	1029	1	328	200	0
631	1030	1	328	250	0
632	1587	1	344	50	0
633	1588	1	344	55	0
634	1589	1	344	60	0
635	652	1	293	25	0
636	653	1	293	50	0
637	654	1	293	75	0
638	1586	1	293	25	0
639	74	1	269	10	0
640	75	1	269	20	0
641	76	1	269	30	0
642	263	1	282	10	0
643	264	1	282	25	0
644	265	1	282	50	0
645	537	1	282	60	0
646	538	1	282	70	0
647	1611	1	282	4	0
648	1612	1	282	8	0
649	1613	1	282	12	0
650	1614	1	282	16	0
651	1615	1	282	20	0
652	5136	1	282	4	0
653	5137	1	282	8	0
654	5138	1	282	12	0
655	5139	1	282	16	0
656	5140	1	282	20	0
2246	1621	1	177	5	0
2247	1622	1	177	10	0
2248	1623	1	177	15	0
1819	599	1	266	2	0
1820	600	1	266	4	0
1821	601	1	266	8	0
1822	1536	1	266	3	0
1823	1537	1	266	6	0
1824	1538	1	266	9	0
666	602	1	266	2	0
667	603	1	266	4	0
668	604	1	266	8	0
669	1388	2	13	1	0
670	1627	1	271	5	0
671	1628	1	271	10	0
672	1629	1	271	15	0
673	855	1	220	5	10
674	856	1	220	15	10
675	857	1	220	30	10
676	820	1	220	10	26
677	820	2	220	10	30
678	820	3	220	10	38
679	821	1	220	20	26
680	821	2	220	20	30
681	821	3	220	20	38
682	822	1	220	30	26
683	822	2	220	30	30
684	822	3	220	30	38
685	915	1	220	5	10
686	915	2	220	5	30
687	916	1	220	15	10
688	916	2	220	15	30
689	917	1	220	30	10
690	917	2	220	30	30
691	1287	1	320	1	0
692	1288	2	320	3	0
693	1289	3	320	5	0
694	1134	1	220	32	74
695	1135	1	220	64	74
696	1136	1	220	96	74
697	1158	1	220	128	74
698	1159	1	220	192	74
699	1160	1	220	224	74
700	1161	1	220	256	74
701	1162	1	220	288	74
2225	846	1	258	5	0
2226	847	1	258	10	0
2227	848	1	258	15	0
2228	1301	1	258	5	0
2229	1302	1	258	10	0
2230	1303	1	258	15	0
708	287	1	253	1	0
709	205	1	251	100	0
2273	199	1	301	30	0
2274	200	1	301	60	0
2275	201	1	301	100	0
713	1131	1	185	10	51
714	1132	1	185	20	51
715	1133	1	185	30	51
716	806	1	249	1	0
717	823	1	222	20	0
718	824	1	222	25	0
719	825	1	222	30	0
720	826	1	222	35	0
721	827	1	222	40	0
722	631	1	292	15	0
723	632	1	292	30	0
724	633	1	292	45	0
2237	564	1	177	3	0
2238	565	1	177	6	0
2239	566	1	177	9	0
2493	591	1	303	600	0
2241	562	1	177	6	0
2242	563	1	177	9	0
2243	1624	1	177	5	0
2244	1625	1	177	10	0
2245	1626	1	177	15	0
734	551	1	225	3	0
735	552	1	225	6	0
736	553	1	225	9	0
737	554	1	225	12	0
738	555	1	225	15	0
739	556	1	225	3	0
740	557	1	225	6	0
741	558	1	225	9	0
742	559	1	225	12	0
2491	590	1	303	400	0
744	686	1	200	10	0
745	687	1	200	20	0
746	688	1	200	30	0
747	689	1	200	40	0
748	690	1	200	50	0
749	273	1	288	100	21
750	611	1	283	20	0
751	612	1	283	40	0
752	613	1	283	60	0
753	614	1	283	80	0
754	615	1	283	100	0
2231	878	1	252	10	0
2232	879	1	252	20	0
2233	880	1	252	30	0
2234	1539	1	252	5	0
2235	1540	1	252	10	0
2236	1541	1	252	15	0
761	1041	1	330	25	0
762	1041	2	330	25	1
763	1041	3	330	25	2
764	1041	4	330	25	3
765	1041	5	330	25	28
766	1041	6	330	25	36
767	1042	1	330	30	0
768	1042	2	330	30	1
769	1042	3	330	30	2
770	1042	4	330	30	3
771	1042	5	330	30	28
772	1042	6	330	30	36
773	1043	1	330	35	0
774	1043	2	330	35	1
775	1043	3	330	35	2
776	1043	4	330	35	3
777	1043	5	330	35	28
778	1043	6	330	35	36
779	1044	1	330	25	0
780	1044	2	330	25	1
781	1044	3	330	25	2
782	1044	4	330	25	3
783	1044	5	330	25	28
784	1044	6	330	25	36
785	1045	1	330	30	0
786	1045	2	330	30	1
787	1045	3	330	30	2
788	1045	4	330	30	3
789	1045	5	330	30	28
790	1045	6	330	30	36
791	1046	1	330	35	0
792	1046	2	330	35	1
793	1046	3	330	35	2
794	1046	4	330	35	3
795	1046	5	330	35	28
796	1046	6	330	35	36
797	1047	1	330	25	0
798	1047	2	330	25	1
799	1047	3	330	25	2
800	1047	4	330	25	3
801	1047	5	330	25	28
802	1047	6	330	25	36
803	1048	1	330	30	0
804	1048	2	330	30	1
805	1048	3	330	30	2
806	1048	4	330	30	3
807	1048	5	330	30	28
808	1048	6	330	30	36
809	1049	1	330	35	0
810	1049	2	330	35	1
811	1049	3	330	35	2
812	1049	4	330	35	3
813	1049	5	330	35	28
814	1049	6	330	35	36
815	1050	1	330	15	0
816	1050	2	330	15	1
817	1050	3	330	15	2
818	1050	4	330	15	3
819	1050	5	330	15	28
820	1050	6	330	15	36
821	1051	1	330	20	0
822	1051	2	330	20	1
823	1051	3	330	20	2
824	1051	4	330	20	3
825	1051	5	330	20	28
826	1051	6	330	20	36
827	1052	1	330	25	0
828	1052	2	330	25	1
829	1052	3	330	25	2
830	1052	4	330	25	3
831	1052	5	330	25	28
832	1052	6	330	25	36
839	190	1	219	225	680
840	191	1	219	235	725
841	192	1	219	245	770
842	1524	1	219	485	815
843	1525	1	219	495	860
844	1526	1	219	515	905
845	790	1	218	1	0
846	791	1	218	2	0
847	792	1	218	3	0
848	793	1	218	4	0
849	794	1	218	5	0
850	834	1	218	1	0
851	835	1	218	2	0
852	836	1	218	3	0
853	837	1	218	4	0
854	838	1	218	5	0
855	724	1	218	1	0
856	725	1	218	2	0
857	726	1	218	3	0
858	727	1	218	4	0
859	728	1	218	5	0
860	8201	1	218	1	0
861	8202	1	218	2	0
862	8203	1	218	3	0
863	795	1	280	2	0
864	796	1	280	4	0
865	797	1	280	6	0
866	798	1	280	8	0
867	799	1	280	10	0
868	839	1	280	2	0
869	840	1	280	4	0
870	841	1	280	6	0
871	842	1	280	8	0
872	843	1	280	10	0
873	729	1	280	2	0
874	730	1	280	4	0
875	731	1	280	6	0
876	732	1	280	8	0
877	733	1	280	10	0
878	803	1	213	2	0
879	804	1	213	5	0
880	805	1	213	10	0
881	800	1	215	2	0
882	801	1	215	5	0
883	802	1	215	10	0
2061	125	1	172	2	0
2062	126	1	172	5	0
2063	127	1	172	10	0
2064	449	1	172	3	0
2065	450	1	172	6	0
2066	451	1	172	9	0
2067	452	1	172	12	0
2068	453	1	172	15	0
2069	1061	1	172	1	0
2070	1062	1	172	2	0
2071	1063	1	172	3	0
2072	1064	1	172	5	0
2073	1065	1	172	7	0
2074	1394	1	172	1	0
2075	1395	1	172	2	0
2076	1396	1	172	3	0
2077	1397	1	172	5	0
2078	1398	1	172	7	0
2079	5519	1	172	1	0
2080	5520	1	172	2	0
2081	5521	1	172	3	0
2082	5522	1	172	4	0
2083	5523	1	172	5	0
908	279	2	259	2	0
909	279	3	172	2	0
914	864	2	216	10	1
915	864	3	216	10	2
916	864	4	216	10	3
917	864	5	216	10	10
918	864	6	216	10	28
919	864	7	216	10	30
920	864	8	216	10	36
922	865	2	216	20	1
923	865	3	216	20	2
924	865	4	216	20	3
925	865	5	216	20	10
926	865	6	216	20	28
927	865	7	216	20	30
928	865	8	216	20	36
930	866	2	216	30	1
931	866	3	216	30	2
932	866	4	216	30	3
933	866	5	216	30	10
934	866	6	216	30	28
935	866	7	216	30	30
936	866	8	216	30	36
937	1290	1	216	40	0
938	1290	2	216	40	1
939	1290	3	216	40	2
940	1290	4	216	40	3
941	1290	5	216	40	10
942	1290	6	216	40	28
943	1290	7	216	40	30
944	1290	8	216	40	36
945	1291	1	216	50	0
946	1291	2	216	50	1
947	1291	3	216	50	2
948	1291	4	216	50	3
949	1291	5	216	50	10
950	1291	6	216	50	28
951	1291	7	216	50	30
952	1291	8	216	50	36
953	1292	1	216	60	0
954	1292	2	216	60	1
955	1292	3	216	60	2
956	1292	4	216	60	3
957	1292	5	216	60	10
958	1292	6	216	60	28
959	1292	7	216	60	30
960	1292	8	216	60	36
961	1140	1	216	10	51
963	1141	1	216	30	51
2094	122	1	259	2	0
2095	123	1	259	5	0
2096	124	1	259	10	0
2097	454	1	259	3	0
2098	455	1	259	6	0
2099	456	1	259	9	0
2100	457	1	259	12	0
2101	458	1	259	15	0
2102	1066	1	259	1	0
2103	1067	1	259	2	0
2104	1068	1	259	3	0
2105	1069	1	259	5	0
2106	1070	1	259	7	0
2107	1399	1	259	1	0
2108	1400	1	259	2	0
2109	1401	1	259	3	0
2110	1402	1	259	5	0
2111	1403	1	259	7	0
2112	5524	1	259	1	0
2113	5525	1	259	2	0
2114	5526	1	259	3	0
2115	5527	1	259	4	0
2116	5528	1	259	5	0
987	247	1	224	15	0
988	248	1	224	35	0
989	249	1	224	50	0
990	504	1	224	60	0
991	505	1	224	70	0
992	506	1	224	80	0
993	240	1	224	20	26
994	240	2	173	1	0
995	241	1	224	40	26
996	241	2	173	2	0
997	242	1	224	60	26
998	242	2	173	3	0
999	6287	1	224	20	30
1000	6287	2	173	1	0
1001	6288	1	224	40	30
1002	6288	2	173	2	0
1003	6289	1	224	60	30
1004	6289	2	173	3	0
1005	7106	1	224	20	30
1006	7106	2	173	1	0
1007	7107	1	224	40	30
1008	7107	2	173	2	0
1009	7108	1	224	60	30
1010	7108	2	173	3	0
1011	6269	1	224	20	30
1012	6269	2	173	1	0
1013	6270	1	224	40	30
1014	6270	2	173	2	0
1015	6271	1	224	60	30
1016	6271	2	173	3	0
1017	6266	1	224	20	10
1018	6266	2	173	1	0
1019	6267	1	224	40	10
1020	6267	2	173	2	0
1021	6268	1	224	60	10
1022	6268	2	173	3	0
1023	1143	1	224	20	74
1024	1143	2	173	1	0
1025	1144	1	224	40	74
1026	1144	2	173	2	0
1027	1145	1	224	60	74
1028	1145	2	173	3	0
1029	6275	1	224	20	8
1030	6275	2	173	1	0
1031	6276	1	224	40	8
1032	6276	2	173	2	0
1033	6277	1	224	60	8
1034	6277	2	173	3	0
2249	255	1	279	7	0
2250	256	1	279	11	0
2251	257	1	279	15	0
2252	542	1	279	2	0
2253	543	1	279	4	0
2254	544	1	279	6	0
2255	1163	1	279	2	0
2256	1164	1	279	4	0
2257	1165	1	279	6	0
2258	4795	1	279	1	0
2259	4796	1	279	2	0
2260	4797	1	279	3	0
2261	815	1	279	7	0
2262	816	1	279	11	0
2263	817	1	279	15	0
2264	1616	1	279	7	0
2265	1617	1	279	11	0
2266	1618	1	279	15	0
1053	198	1	276	32	0
1054	741	1	232	2	4544
1055	742	1	232	4	4545
1056	743	1	232	6	4546
1057	744	1	232	8	4547
1058	745	1	232	10	4548
1059	577	1	277	20	0
1060	578	1	277	40	0
1061	579	1	277	60	0
1062	95	1	235	5	0
1063	96	1	235	10	0
1064	97	1	235	15	0
1065	710	1	235	5	0
1066	711	1	235	10	0
1067	712	1	235	15	0
1068	713	1	235	20	0
1069	714	1	235	25	0
2270	144	1	244	50	0
2271	567	1	244	12	0
2272	5061	1	244	11	0
1073	734	1	237	1	0
1076	225	1	272	1	0
1083	101	1	265	20	0
1084	102	1	265	35	0
1085	103	1	265	52	0
1086	446	1	265	54	0
1087	447	1	265	56	0
1088	448	1	265	58	0
1089	735	1	265	54	0
1090	736	1	265	56	0
1091	737	1	265	58	0
1092	7056	1	265	62	0
1093	7057	1	265	64	0
1094	7058	1	265	66	0
1095	7059	1	265	67	0
1096	7060	1	265	68	0
1097	7061	1	265	69	0
1100	7066	1	265	72	0
1101	8263	1	262	5	0
1102	8264	1	262	10	0
1103	8265	1	262	15	0
1104	8266	1	262	20	0
1105	8267	1	262	25	0
1106	8268	1	262	5	1
1107	8269	1	262	10	1
1108	8270	1	262	15	1
1109	8271	1	262	20	1
1110	8272	1	262	25	1
1111	8273	1	262	5	2
1112	8274	1	262	10	2
1113	8275	1	262	15	2
1114	8276	1	262	20	2
1115	8277	1	262	25	2
1116	8278	1	262	5	3
1117	8279	1	262	10	3
1118	8280	1	262	15	3
1119	8281	1	262	20	3
1120	8282	1	262	25	3
1121	8283	1	262	5	4
1122	8284	1	262	10	4
1123	8285	1	262	15	4
1124	8286	1	262	20	4
1125	8287	1	262	25	4
1126	8288	1	262	5	5
1127	8289	1	262	10	5
1128	8290	1	262	15	5
1129	8291	1	262	20	5
1130	8292	1	262	25	5
1131	8293	1	262	5	6
1132	8294	1	262	10	6
1133	8295	1	262	15	6
1134	8296	1	262	20	6
1135	8297	1	262	25	6
1136	4678	1	262	5	0
1137	4679	1	262	10	0
1138	4680	1	262	15	0
1139	4681	1	262	20	0
1140	4682	1	262	25	0
1141	4678	2	262	5	1
1142	4679	2	262	10	1
1143	4680	2	262	15	1
1144	4681	2	262	20	1
1145	4682	2	262	25	1
1146	4678	3	262	5	2
1147	4679	3	262	10	2
1148	4680	3	262	15	2
1149	4681	3	262	20	2
1150	4682	3	262	25	2
1151	4678	4	262	5	3
1152	4679	4	262	10	3
1153	4680	4	262	15	3
1154	4681	4	262	20	3
1155	4682	4	262	25	3
1156	4678	5	262	5	4
1157	4679	5	262	10	4
1158	4680	5	262	15	4
1159	4681	5	262	20	4
1160	4682	5	262	25	4
1161	4678	6	262	5	5
1162	4679	6	262	10	5
1163	4680	6	262	15	5
1164	4681	6	262	20	5
1165	4682	6	262	25	5
1166	4678	7	262	5	6
1167	4679	7	262	10	6
1168	4680	7	262	15	6
1169	4681	7	262	20	6
1170	4682	7	262	25	6
1171	7547	1	262	5	0
1172	7548	1	262	10	0
1173	7549	1	262	15	0
1174	7550	1	262	20	0
1175	7551	1	262	25	0
1176	7547	2	262	5	1
1177	7548	2	262	10	1
1178	7549	2	262	15	1
1179	7550	2	262	20	1
1180	7551	2	262	25	1
1181	7547	3	262	5	2
1182	7548	3	262	10	2
1183	7549	3	262	15	2
1184	7550	3	262	20	2
1185	7551	3	262	25	2
1186	7547	4	262	5	3
1187	7548	4	262	10	3
1188	7549	4	262	15	3
1189	7550	4	262	20	3
1190	7551	4	262	25	3
1191	7537	5	262	5	4
1192	7538	5	262	10	4
1193	7539	5	262	15	4
1194	7540	5	262	20	4
1195	7541	5	262	25	4
1196	7547	6	262	5	5
1197	7548	6	262	10	5
1198	7549	6	262	15	5
1199	7550	6	262	20	5
1200	7551	6	262	25	5
1201	7547	7	262	5	6
1202	7548	7	262	10	6
1203	7549	7	262	15	6
1204	7550	7	262	20	6
1205	7551	7	262	25	6
1212	12423	1	273	3	0
1213	12424	1	273	6	0
1214	12425	1	273	9	0
1218	7647	1	229	5	0
1219	7648	1	229	10	0
1220	7649	1	229	15	0
1221	7670	1	229	5	0
1222	7671	1	229	10	0
1223	7672	1	229	15	0
1224	8224	1	339	10	16230
1225	8224	2	138	1	0
1226	8224	3	141	1	0
1227	8224	4	142	60	0
1228	8224	5	137	0	0
1229	8224	6	311	0	0
1230	8224	7	134	80	0
1231	8224	8	139	-265	0
1232	8224	9	139	-754	0
1233	8224	10	139	-1332	0
1234	8224	11	139	-1572	0
1235	8224	12	139	-2749	0
1236	8224	13	139	-4979	0
1237	8224	14	139	-5418	0
1238	8224	15	139	-5403	0
1239	8225	1	339	10	16231
1240	8225	2	138	1	0
1241	8225	3	141	1	0
1242	8225	4	142	65	0
1243	8225	5	137	0	0
1244	8225	6	311	0	0
1245	8225	7	134	85	0
1246	8225	8	139	-265	0
1247	8225	9	139	-754	0
1248	8225	10	139	-1332	0
1249	8225	11	139	-1572	0
1250	8225	12	139	-2749	0
1251	8225	13	139	-4979	0
1252	8225	14	139	-5418	0
1253	8225	15	139	-5403	0
1254	8226	1	339	10	16232
1255	8226	2	138	1	0
1256	8226	3	141	1	0
1257	8226	4	142	70	0
1258	8226	5	137	0	0
1259	8226	6	311	0	0
1260	8226	7	134	90	0
1261	8226	8	139	-265	0
1262	8226	9	139	-754	0
1263	8226	10	139	-1332	0
1264	8226	11	139	-1572	0
1265	8226	12	139	-2749	0
1266	8226	13	139	-4979	0
1267	8226	14	139	-5418	0
1268	8226	15	139	-5403	0
1269	649	1	243	15	0
1270	650	1	243	35	0
1271	651	1	243	50	0
1272	867	1	59	-3	0
1273	868	1	59	-6	0
1274	869	1	59	-9	0
1275	870	1	59	-12	0
1276	871	1	59	-15	0
1283	1486	7	134	75	0
1284	1486	8	139	-265	0
1285	1486	9	139	-754	0
1286	1486	10	139	-1332	0
1287	1486	11	139	-1572	0
1288	1486	12	139	-2749	0
1289	1486	13	139	-4979	0
1290	1486	14	139	-5418	0
1291	1486	15	139	-5403	0
1292	1486	16	348	10	0
1299	1487	7	134	75	0
1300	1487	8	139	-265	0
1301	1487	9	139	-754	0
1302	1487	10	139	-1332	0
1303	1487	11	139	-1572	0
1304	1487	12	139	-2749	0
1305	1487	13	139	-4979	0
1306	1487	14	139	-5418	0
1307	1487	15	139	-5403	0
1308	1487	16	348	10	0
1315	1488	7	134	75	0
1316	1488	8	139	-265	0
1317	1488	9	139	-754	0
1318	1488	10	139	-1332	0
1319	1488	11	139	-1572	0
1320	1488	12	139	-2749	0
1321	1488	13	139	-4979	0
1322	1488	14	139	-5418	0
1323	1488	15	139	-5403	0
1324	1488	16	348	10	0
1331	1489	7	134	75	0
1332	1489	8	139	-265	0
1333	1489	9	139	-754	0
1334	1489	10	139	-1332	0
1335	1489	11	139	-1572	0
1336	1489	12	139	-2749	0
1337	1489	13	139	-4979	0
1338	1489	14	139	-5418	0
1339	1489	15	139	-5403	0
1340	1489	16	348	10	0
1347	1490	7	134	75	0
1348	1490	8	139	-265	0
1349	1490	9	139	-754	0
1350	1490	10	139	-1332	0
1351	1490	11	139	-1572	0
1352	1490	12	139	-2749	0
1353	1490	13	139	-4979	0
1354	1490	14	139	-5418	0
1355	1490	15	139	-5403	0
1356	1490	16	348	10	0
1357	5529	1	339	11	12680
1358	5529	2	138	1	0
1359	5529	3	141	1	0
1360	5529	4	142	60	0
1361	5529	5	137	0	0
1362	5529	6	311	0	0
1363	5529	7	134	75	0
1364	5529	8	139	-265	0
1365	5529	9	139	-754	0
1366	5529	10	139	-1332	0
1367	5529	11	139	-1572	0
1368	5529	12	139	-2749	0
1369	5529	13	139	-4979	0
1370	5529	14	139	-5418	0
1371	5529	15	139	-5403	0
1372	5529	16	348	10	0
1373	5530	1	339	13	12681
1374	5530	2	138	1	0
1375	5530	3	141	1	0
1376	5530	4	142	60	0
1377	5530	5	137	0	0
1378	5530	6	311	0	0
1379	5530	7	134	75	0
1380	5530	8	139	-265	0
1381	5530	9	139	-754	0
1382	5530	10	139	-1332	0
1383	5530	11	139	-1572	0
1384	5530	12	139	-2749	0
1385	5530	13	139	-4979	0
1386	5530	14	139	-5418	0
1387	5530	15	139	-5403	0
1388	5530	16	348	10	0
1389	5531	1	339	15	12682
1390	5531	2	138	1	0
1391	5531	3	141	1	0
1392	5531	4	142	60	0
1393	5531	5	137	0	0
1394	5531	6	311	0	0
1395	5531	7	134	75	0
1396	5531	8	139	-265	0
1397	5531	9	139	-754	0
1398	5531	10	139	-1332	0
1399	5531	11	139	-1572	0
1400	5531	12	139	-2749	0
1401	5531	13	139	-4979	0
1402	5531	14	139	-5418	0
1403	5531	15	139	-5403	0
1404	5531	16	348	10	0
2436	5532	16	348	10	0
2435	5532	15	139	-5403	0
2434	5532	14	139	-5418	0
2433	5532	13	139	-4979	0
2432	5532	12	139	-2749	0
2431	5532	11	139	-1572	0
2430	5532	10	139	-1332	0
2429	5532	9	139	-754	0
2428	5532	8	139	-265	0
2427	5532	7	134	75	0
2426	5532	6	311	0	0
2425	5532	5	137	0	0
2424	5532	4	142	60	0
2423	5532	3	141	1	0
2422	5532	2	138	1	0
2421	5532	1	339	17	12683
1421	5533	1	339	19	12684
1422	5533	2	138	1	0
1423	5533	3	141	1	0
1424	5533	4	142	60	0
1425	5533	5	137	0	0
1426	5533	6	311	0	0
1427	5533	7	134	75	0
1428	5533	8	139	-265	0
1429	5533	9	139	-754	0
1430	5533	10	139	-1332	0
1431	5533	11	139	-1572	0
1432	5533	12	139	-2749	0
1433	5533	13	139	-4979	0
1434	5533	14	139	-5418	0
1435	5533	15	139	-5403	0
1436	5533	16	348	10	0
1437	7554	1	339	21	16194
1438	7554	2	138	1	0
1439	7554	3	141	1	0
1440	7554	4	142	60	0
1441	7554	5	137	0	0
1442	7554	6	311	0	0
1443	7554	7	134	75	0
1444	7554	8	139	-265	0
1445	7554	9	139	-754	0
1446	7554	10	139	-1332	0
1447	7554	11	139	-1572	0
1448	7554	12	139	-2749	0
1449	7554	13	139	-4979	0
1450	7554	14	139	-5418	0
1451	7554	15	139	-5403	0
1452	7554	16	348	10	0
1453	7555	1	339	23	16195
1454	7555	2	138	1	0
1455	7555	3	141	1	0
1456	7555	4	142	60	0
1457	7555	5	137	0	0
1458	7555	6	311	0	0
1459	7555	7	134	75	0
1460	7555	8	139	-265	0
1461	7555	9	139	-754	0
1462	7555	10	139	-1332	0
1463	7555	11	139	-1572	0
1464	7555	12	139	-2749	0
1465	7555	13	139	-4979	0
1466	7555	14	139	-5418	0
1467	7555	15	139	-5403	0
1468	7555	16	348	10	0
1469	7556	1	339	25	16196
1470	7556	2	138	1	0
1471	7556	3	141	1	0
1472	7556	4	142	60	0
1473	7556	5	137	0	0
1474	7556	6	311	0	0
1475	7556	7	134	75	0
1476	7556	8	139	-265	0
1477	7556	9	139	-754	0
1478	7556	10	139	-1332	0
1479	7556	11	139	-1572	0
1480	7556	12	139	-2749	0
1481	7556	13	139	-4979	0
1482	7556	14	139	-5418	0
1483	7556	15	139	-5403	0
1484	7556	16	348	10	0
1485	7557	1	339	27	16417
1486	7557	2	138	1	0
1487	7557	3	141	1	0
1488	7557	4	142	60	0
1489	7557	5	137	0	0
1490	7557	6	311	0	0
1491	7557	7	134	75	0
1492	7557	8	139	-265	0
1493	7557	9	139	-754	0
1494	7557	10	139	-1332	0
1495	7557	11	139	-1572	0
1496	7557	12	139	-2749	0
1497	7557	13	139	-4979	0
1498	7557	14	139	-5418	0
1499	7557	15	139	-5403	0
1500	7557	16	348	10	0
1501	7558	1	339	29	16418
1502	7558	2	138	1	0
1503	7558	3	141	1	0
1504	7558	4	142	60	0
1505	7558	5	137	0	0
1506	7558	6	311	0	0
1507	7558	7	134	75	0
1508	7558	8	139	-265	0
1509	7558	9	139	-754	0
1510	7558	10	139	-1332	0
1511	7558	11	139	-1572	0
1512	7558	12	139	-2749	0
1513	7558	13	139	-4979	0
1514	7558	14	139	-5418	0
1515	7558	15	139	-5403	0
1516	7558	16	348	10	0
2486	4755	1	294	0	130
2487	4756	1	294	0	135
2488	4757	1	294	0	140
1768	5557	1	341	10	0
1769	5558	1	341	20	0
1770	5559	1	341	30	0
1526	7582	1	294	0	120
1876	7583	1	114	-2	0
1877	7584	1	114	-4	0
2317	4779	1	274	2	0
2318	4780	1	274	4	0
2319	4781	1	274	6	0
2320	5592	1	274	1	0
2321	5593	1	274	2	0
2322	5594	1	274	3	0
2323	7590	1	274	1	0
2324	7591	1	274	2	0
2325	7592	1	274	3	0
2326	12452	1	274	1	0
2327	12453	1	274	2	0
2328	12454	1	274	3	0
1545	1435	5	348	10	0
1546	1435	6	137	0	0
1547	1435	7	339	3	8105
1548	1435	8	142	65	0
1549	1435	9	311	0	0
1550	1435	10	134	70	0
1551	1435	11	348	10	0
1552	1435	12	137	100	0
1553	1435	13	339	3	8105
1554	1435	14	142	65	0
1555	1435	15	311	0	0
1556	1435	16	134	70	0
1557	1435	17	348	10	0
1558	1435	18	137	79	0
1559	1435	19	339	3	8105
1560	1435	20	142	65	0
1561	1435	21	311	0	0
1562	1435	22	134	70	0
1563	1435	23	348	10	0
1564	1435	24	137	149	0
1569	1436	5	348	10	0
1570	1436	6	137	0	0
1571	1436	7	339	6	8105
1572	1436	8	142	65	0
1573	1436	9	311	0	0
1574	1436	10	134	70	0
1575	1436	11	348	10	0
1576	1436	12	137	100	0
1577	1436	13	339	6	8105
1578	1436	14	142	65	0
1579	1436	15	311	0	0
1580	1436	16	134	70	0
1581	1436	17	348	10	0
1582	1436	18	137	79	0
1583	1436	19	339	6	8105
1584	1436	20	142	65	0
1585	1436	21	311	0	0
1586	1436	22	134	70	0
1587	1436	23	348	10	0
1588	1436	24	137	147	0
1593	1437	5	348	10	0
1594	1437	6	137	0	0
1595	1437	7	339	10	8105
1596	1437	8	142	65	0
1597	1437	9	311	0	0
1598	1437	10	134	70	0
1599	1437	11	348	10	0
1600	1437	12	137	100	0
1601	1437	13	339	10	8105
1602	1437	14	142	65	0
1603	1437	15	311	0	0
1604	1437	16	134	70	0
1605	1437	17	348	10	0
1606	1437	18	137	79	0
1607	1437	19	339	10	8105
1608	1437	20	142	65	0
1609	1437	21	311	0	0
1610	1437	22	134	70	0
1611	1437	23	348	10	0
1612	1437	24	137	147	0
1613	4773	1	339	10	11404
1614	4773	2	142	71	0
1615	4773	3	311	0	0
1616	4773	4	134	75	0
1617	4773	5	348	10	0
1618	4773	6	137	0	0
1619	4773	7	339	10	11404
1620	4773	8	142	71	0
1621	4773	9	311	0	0
1622	4773	10	134	75	0
1623	4773	11	348	10	0
1624	4773	12	137	100	0
1625	4773	13	339	10	11404
1626	4773	14	142	71	0
1627	4773	15	311	0	0
1628	4773	16	134	75	0
1629	4773	17	348	10	0
1630	4773	18	137	79	0
1631	4773	19	339	10	11404
1632	4773	20	142	71	0
1633	4773	21	311	0	0
1634	4773	22	134	75	0
1635	4773	23	348	10	0
1636	4773	24	137	149	0
1637	6517	1	339	10	13199
1638	6517	2	142	76	0
1639	6517	3	311	0	0
1640	6517	4	134	80	0
1641	6517	5	348	10	0
1642	6517	6	137	0	0
1643	6517	7	339	10	13199
1644	6517	8	142	76	0
1645	6517	9	311	0	0
1646	6517	10	134	80	0
1647	6517	11	348	10	0
1648	6517	12	137	100	0
1649	6517	13	339	10	13199
1650	6517	14	142	76	0
1651	6517	15	311	0	0
1652	6517	16	134	80	0
1653	6517	17	348	10	0
1654	6517	18	137	79	0
1655	6517	19	339	10	13199
1656	6517	20	142	76	0
1657	6517	21	311	0	0
1658	6517	22	134	80	0
1659	6517	23	348	10	0
1660	6517	24	137	149	0
1661	7621	1	339	10	13830
1662	7621	2	142	81	0
1663	7621	3	311	0	0
1664	7621	4	134	85	0
1665	7621	5	348	10	0
1666	7621	6	137	0	0
1667	7621	7	339	10	13830
1668	7621	8	142	81	0
1669	7621	9	311	0	0
1670	7621	10	134	85	0
1671	7621	11	348	10	0
1672	7621	12	137	100	0
1673	7621	13	339	10	13830
1674	7621	14	142	81	0
1675	7621	15	311	0	0
1676	7621	16	134	85	0
1677	7621	17	348	10	0
1678	7621	18	137	79	0
1679	7621	19	339	10	13830
1680	7621	20	142	81	0
1681	7621	21	311	0	0
1682	7621	22	134	85	0
1683	7621	23	348	10	0
1684	7621	24	137	149	0
1806	8235	1	137	-40	0
1812	8236	1	137	-40	0
1687	8237	1	1	87	0
1688	8238	1	1	116	0
1689	8239	1	1	145	0
1690	8305	1	1	174	0
1691	8306	1	1	203	0
1692	8307	1	1	232	0
1693	8308	1	1	261	0
1694	8309	1	1	290	0
2517	120	1	278	500	32000
2516	119	2	440	50	200
2515	119	1	278	500	32000
1701	440	1	278	550	50800
1702	440	2	440	56	200
1703	441	1	278	550	50800
1704	441	2	440	58	200
1705	442	1	278	550	50800
1706	442	2	440	60	200
1707	1053	1	278	600	65440
1708	1053	2	440	61	200
1709	1054	1	278	600	65440
1710	1054	2	440	63	200
1711	1055	1	278	600	65440
1712	1055	2	440	65	200
1713	4721	1	278	670	82600
1714	4721	2	440	66	200
1715	4722	1	278	670	82600
1716	4722	2	440	68	200
1717	4723	1	278	670	82600
1718	4723	2	440	70	200
1719	5554	1	278	750	102280
1720	5554	2	440	71	200
1721	5555	1	278	750	102280
1722	5555	2	440	73	200
1723	5556	1	278	750	102280
1724	5556	2	440	75	200
1725	7565	1	278	900	124480
1726	7565	2	440	76	200
1727	7566	1	278	900	124480
1728	7566	2	440	78	200
1729	7567	1	278	900	124480
1730	7567	2	440	80	200
1731	6023	1	278	900	132440
1732	6023	2	440	82	200
1733	6024	1	278	900	149200
1734	6024	2	440	84	200
1735	6025	1	278	900	149200
1736	6025	2	440	86	200
1737	4739	1	360	10	11023
1738	4740	1	360	20	11023
1739	4741	1	360	30	11023
1740	5562	1	360	40	11023
1741	5563	1	360	50	11023
1742	5564	1	360	60	11023
1743	7573	1	360	70	11023
1744	7574	1	360	80	11023
1745	7575	1	360	90	11023
1746	8198	1	294	0	110
1747	8199	1	294	0	120
1748	8200	1	294	0	130
1752	4733	1	294	11	100
1753	4734	1	294	13	100
1754	4735	1	294	15	100
1755	7641	1	294	17	100
1756	7642	1	294	19	100
1757	7643	1	294	21	100
1758	1592	1	341	10	0
1759	1593	1	341	20	0
1760	1594	1	341	30	0
1761	1595	1	341	40	0
1762	1596	1	341	50	0
1763	4725	1	341	10	0
1764	4726	1	341	20	0
1765	4727	1	341	30	0
1766	4728	1	341	40	0
1767	4729	1	341	50	0
1771	5560	1	341	40	0
1772	5561	1	341	50	0
1773	7568	1	341	10	0
1774	7569	1	341	20	0
1775	7570	1	341	30	0
1776	7571	1	341	40	0
1777	7572	1	341	50	0
1778	12439	1	341	10	0
1779	12440	1	341	20	0
1780	12441	1	341	30	0
1781	12442	1	341	40	0
1782	12443	1	341	50	0
2344	8232	1	128	5	5
2350	8233	1	128	15	15
2356	8234	1	128	25	25
2362	8261	1	128	65	65
1825	5534	1	266	1	0
1827	5536	1	266	5	0
1828	7659	1	266	1	0
1829	7660	1	266	2	0
1830	7661	1	266	3	0
1831	1181	1	305	-20	0
1832	1182	1	305	-40	0
1833	1183	1	305	-60	0
1834	1184	1	305	-80	0
1835	1185	1	305	-100	0
1836	1093	1	304	-20	0
1837	1094	1	304	-40	0
1838	1095	1	304	-60	0
1839	1096	1	304	-80	0
1840	1097	1	304	-100	0
1841	8215	1	190	50	0
1842	8216	1	190	100	0
1843	8217	1	190	150	0
1844	8218	1	190	200	0
1845	8219	1	190	250	0
1846	1036	1	189	4	0
1847	1037	1	189	5	0
1848	1039	1	189	6	0
1849	5130	1	189	7	0
1850	5131	1	189	8	0
1851	5132	1	189	9	0
1852	5133	1	189	10	0
1853	5134	1	189	11	0
1854	6080	1	189	12	0
1855	6081	1	189	13	0
1856	7604	1	189	14	0
1857	7605	1	189	15	0
1858	5516	1	320	1	0
1859	5517	1	320	2	0
1860	5518	1	320	3	0
1861	12469	1	320	1	0
1862	12470	1	320	2	0
1863	12471	1	320	3	0
1864	98	1	114	-4	0
1865	99	1	114	-12	0
1866	100	1	114	-20	0
1867	738	1	114	-4	0
1868	739	1	114	-12	0
1869	740	1	114	-20	0
1870	5317	1	114	-3	0
1871	5318	1	114	-6	0
1872	5319	1	114	-9	0
1873	5628	1	114	-3	0
1874	5629	1	114	-4	0
1875	5630	1	114	-5	0
1878	7585	1	114	-6	0
1879	634	1	274	3	0
1880	635	1	274	6	0
1881	636	1	274	10	0
1882	844	1	274	3	0
1883	845	1	274	6	0
1884	1319	1	274	2	0
1885	1320	1	274	4	0
1886	1321	1	274	6	0
1887	210	1	302	50	50
1888	210	2	385	99	0
1889	211	1	302	100	100
1890	211	2	385	99	0
1891	212	1	302	200	200
1892	212	2	385	99	0
1918	164	5	127	10	10
1919	164	6	137	82	0
1920	164	7	127	2	2
1921	164	8	137	152	0
1922	164	9	143	3000	0
1927	165	5	127	25	25
1928	165	6	137	82	0
1929	165	7	127	4	4
1930	165	8	137	152	0
1931	165	9	143	3000	0
1936	166	5	127	50	50
1937	166	6	137	82	0
1938	166	7	127	6	6
1939	166	8	137	152	0
1940	166	9	143	3000	0
1967	77	3	141	1	0
1968	77	4	139	-6232	0
1969	77	5	139	-6264	0
1970	77	6	125	2	2
1971	77	7	137	147	0
1972	77	8	141	1	0
1975	78	3	141	1	0
1976	78	4	139	-6232	0
1977	78	5	139	-6264	0
1978	78	6	125	5	5
1979	78	7	137	147	0
1980	78	8	141	1	0
1983	79	3	141	1	0
1984	79	4	139	-6232	0
1985	79	5	139	-6264	0
1986	79	6	125	10	10
1987	79	7	137	147	0
1988	79	8	141	1	0
1991	434	3	141	1	0
1992	434	4	139	-6232	0
1993	434	5	139	-6264	0
1994	434	6	125	13	13
1995	434	7	137	147	0
1996	434	8	141	1	0
1999	435	3	141	1	0
2000	435	4	139	-6232	0
2001	435	5	139	-6264	0
2002	435	6	125	16	16
2003	435	7	137	147	0
2004	435	8	141	1	0
2007	436	3	141	1	0
2008	436	4	139	-6232	0
2009	436	5	139	-6264	0
2010	436	6	125	19	19
2011	436	7	137	147	0
2012	436	8	141	1	0
2013	1083	1	125	22	13
2014	1083	2	137	0	0
2015	1083	3	141	1	0
2016	1083	4	139	-6232	0
2017	1083	5	139	-6264	0
2018	1083	6	125	22	22
2019	1083	7	137	147	0
2020	1083	8	141	1	0
2021	1084	1	125	25	16
2022	1084	2	137	0	0
2023	1084	3	141	1	0
2024	1084	4	139	-6232	0
2025	1084	5	139	-6264	0
2026	1084	6	125	25	25
2027	1084	7	137	147	0
2028	1084	8	141	1	0
2029	1085	1	125	28	19
2030	1085	2	137	0	0
2031	1085	3	141	1	0
2032	1085	4	139	-6232	0
2033	1085	5	139	-6264	0
2034	1085	6	125	28	28
2035	1085	7	137	147	0
2036	1085	8	141	1	0
2037	12449	1	125	31	31
2038	12449	2	137	0	0
2039	12449	3	141	1	0
2040	12449	4	139	-6232	0
2041	12449	5	139	-6264	0
2042	12449	6	125	31	31
2043	12449	7	137	147	0
2044	12449	8	141	1	0
2045	12450	1	125	34	34
2046	12450	2	137	0	0
2047	12450	3	141	1	0
2048	12450	4	139	-6232	0
2049	12450	5	139	-6264	0
2050	12450	6	125	33	33
2051	12450	7	137	147	0
2052	12450	8	141	1	0
2053	12451	1	125	37	37
2054	12451	2	137	0	0
2055	12451	3	141	1	0
2056	12451	4	139	-6232	0
2057	12451	5	139	-6264	0
2058	12451	6	125	37	37
2059	12451	7	137	147	0
2060	12451	8	141	1	0
2084	7501	1	172	1	0
2085	7502	1	172	2	0
2086	7503	1	172	3	0
2087	7504	1	172	4	0
2088	7505	1	172	5	0
2089	12396	1	172	1	0
2090	12397	1	172	2	0
2091	12398	1	172	3	0
2092	12399	1	172	4	0
2093	12400	1	172	5	0
2117	7506	1	259	1	0
2118	7507	1	259	2	0
2119	7508	1	259	3	0
2120	7509	1	259	4	0
2121	7510	1	259	5	0
2122	12401	1	259	1	0
2123	12402	1	259	2	0
2124	12403	1	259	3	0
2125	12404	1	259	4	0
2126	12405	1	259	5	0
2127	1389	1	328	50	0
2128	1390	1	328	100	0
2129	1391	1	328	150	0
2130	1392	1	328	200	0
2131	1393	1	328	250	0
2132	4683	1	328	50	0
2133	4684	1	328	100	0
2134	4685	1	328	150	0
2135	4686	1	328	200	0
2136	4687	1	328	250	0
2137	6523	1	328	50	0
2138	6524	1	328	100	0
2139	6525	1	328	150	0
2140	6526	1	328	200	0
2141	6527	1	328	250	0
2142	7511	1	328	50	0
2143	7512	1	328	100	0
2144	7513	1	328	150	0
2145	7514	1	328	200	0
2146	7515	1	328	250	0
2147	1056	1	317	1	0
2148	1057	1	317	2	0
2149	1058	1	317	3	0
2150	1059	1	317	4	0
2151	1060	1	317	5	0
2157	6431	1	317	1	0
2158	6432	1	317	2	0
2159	6433	1	317	3	0
2160	6434	1	317	4	0
2161	6435	1	317	5	0
2329	6119	1	69	500	0
2343	7526	1	317	1	0
2172	12406	1	69	500	0
2173	12407	1	69	500	0
2174	12408	1	69	500	0
2175	12409	1	69	500	0
2176	12410	1	69	500	0
2177	7516	1	262	10	7
2178	7516	2	262	10	8
2179	7516	3	262	10	9
2180	7516	4	262	10	10
2181	7516	5	262	10	11
2182	7517	1	262	20	7
2183	7517	2	262	20	8
2184	7517	3	262	20	9
2185	7517	4	262	20	10
2186	7517	5	262	20	11
2187	7518	1	262	30	7
2188	7518	2	262	30	8
2189	7518	3	262	30	9
2190	7518	4	262	30	10
2191	7518	5	262	30	11
2192	7519	1	262	40	7
2193	7519	2	262	40	8
2194	7519	3	262	40	9
2195	7519	4	262	40	10
2196	7519	5	262	40	11
2197	7520	1	262	50	7
2198	7520	2	262	50	8
2199	7520	3	262	50	9
2200	7520	4	262	50	10
2201	7520	5	262	50	11
2202	6521	1	327	1	0
2203	6522	1	327	2	0
2204	7539	1	327	1	0
2205	7540	1	327	2	0
2206	7541	1	327	3	0
2207	7542	1	327	4	0
2208	7543	1	327	5	0
2209	5045	1	180	5	0
2210	8228	1	378	5	22
2211	8229	1	378	10	22
2212	8230	1	378	15	22
2213	7050	1	265	62	0
2214	7051	1	265	64	0
2215	7052	1	265	66	0
2216	7053	1	265	67	0
2217	7054	1	265	68	0
2218	7055	1	265	69	0
2219	7063	1	265	70	0
2220	7064	1	265	71	0
2221	7065	1	265	72	0
2222	7622	1	265	74	0
2223	7623	1	265	76	0
2224	7624	1	265	79	0
2300	581	9	254	0	0
2301	581	10	254	0	0
2302	581	11	254	0	0
2303	582	1	267	1	4
2304	582	2	267	1	8
2305	582	3	267	1	5
2306	582	4	267	1	2
2307	582	5	267	1	7
2308	582	6	267	1	6
2309	582	7	267	1	9
2310	582	8	267	1	12
2311	582	9	267	1	11
2312	582	10	267	1	28
2313	582	11	267	1	1
2314	1086	1	274	2	0
2315	1087	1	274	4	0
2316	1088	1	274	6	0
2330	6120	1	69	500	0
2331	6121	1	69	500	0
2332	6122	1	69	500	0
2333	6123	1	69	500	0
2334	7527	1	69	500	0
2335	7528	1	69	500	0
2336	7529	1	69	500	0
2337	7530	1	69	500	0
2338	7531	1	69	500	0
2339	7522	1	317	1	0
2340	7523	1	317	1	0
2341	7524	1	317	1	0
2342	7525	1	317	1	0
2345	8232	2	138	1	0
2346	8232	3	140	1	0
2347	8232	4	311	0	0
2348	8232	5	411	66434	0
2349	8232	6	137	-40	0
2351	8233	2	138	1	0
2352	8233	3	140	1	0
2353	8233	4	311	0	0
2354	8233	5	411	66434	0
2355	8233	6	137	-40	0
2357	8234	2	138	1	0
2358	8234	3	140	1	0
2359	8234	4	311	0	0
2360	8234	5	411	66434	0
2361	8234	6	137	-40	0
2363	8261	2	138	1	0
2364	8261	3	140	1	0
2365	8261	4	311	0	0
2366	8261	5	411	66434	0
2367	8261	6	137	-40	0
2368	1230	1	313	15	0
2369	1231	1	313	20	0
2370	1232	1	313	25	0
2371	5000	1	313	50	0
2372	5001	1	313	75	0
2373	5002	1	313	100	0
2374	997	1	331	5	0
2375	998	1	331	15	0
2376	999	1	331	25	0
2377	226	1	272	2	0
2378	227	1	272	3	0
2379	275	1	260	2	50
2380	276	1	260	4	50
2381	277	1	260	6	50
2382	701	1	260	2	50
2383	213	1	260	2	23
2384	213	2	260	2	24
2385	213	3	260	2	25
2386	213	4	260	2	26
2387	214	1	260	4	23
2388	214	2	260	4	24
2389	214	3	260	4	25
2390	214	4	260	4	26
2391	215	1	260	6	23
2392	215	2	260	6	24
2393	215	3	260	6	25
2394	215	4	260	6	26
2395	700	1	260	2	23
2396	700	2	260	2	24
2397	700	3	260	2	25
2398	700	4	260	2	26
2399	695	1	247	10	53
2400	696	1	247	20	53
2401	697	1	247	30	53
2402	698	1	247	40	53
2403	699	1	247	50	53
2404	762	1	247	10	53
2405	764	1	247	30	53
2406	763	1	247	20	53
2407	765	1	247	40	53
2408	766	1	247	50	53
2409	412	1	263	1	0
2410	413	1	263	2	0
2411	414	1	263	3	0
2412	415	1	263	4	0
2413	416	1	263	5	0
2414	417	1	263	6	0
2415	68	1	233	110	0
2416	69	1	233	125	0
2417	70	1	233	150	0
2418	5535	1	266	3	0
228	367	1	46	12	0
2419	858	1	220	50	10
2420	859	1	220	75	10
2437	606	1	285	20	0
2438	607	1	285	40	0
2439	608	1	285	60	0
2440	609	1	285	80	0
2441	610	1	285	100	0
2442	895	1	59	-3	0
2443	896	1	59	-6	0
2444	897	1	59	-9	0
2445	898	1	59	-12	0
2446	899	1	59	-15	0
2447	571	1	261	1	0
2448	572	1	261	2	0
2449	573	1	261	3	0
2450	707	1	261	1	0
2451	708	1	261	2	0
2452	709	1	261	3	0
2453	86	1	128	5	5
2454	86	2	138	1	0
2455	86	3	140	1	0
2456	86	4	139	-2741	0
2457	86	5	139	-16843	0
2458	86	6	385	-16192	0
2459	87	1	128	15	15
2460	87	2	138	1	0
2461	87	3	140	1	0
2462	87	4	139	-2741	0
2463	87	5	139	-16843	0
2464	87	6	385	-16192	0
2465	88	1	128	30	30
2466	88	2	138	1	0
2467	88	3	140	1	0
2468	88	4	139	-2741	0
2469	88	5	139	-16843	0
2470	88	6	385	-16192	0
2471	266	1	128	50	50
2472	266	2	138	1	0
2473	266	3	140	1	0
2474	266	4	139	-2741	0
2475	266	5	139	-16843	0
2476	266	6	385	-16192	0
2477	781	1	287	1	1
2478	781	2	137	31	0
2479	781	3	136	5	0
2480	230	1	275	10	0
2481	231	1	275	25	0
2482	232	1	275	50	0
2483	539	1	275	15	0
2484	540	1	275	25	0
2485	541	1	275	35	0
2489	589	1	303	200	0
2490	589	2	139	2766	0
2492	590	2	139	2766	0
2494	591	2	139	2766	0
2495	893	1	303	800	0
2496	893	2	139	2766	0
2497	894	1	303	1000	0
2498	894	2	139	2766	0
2499	560	1	225	15	0
2500	561	1	177	3	0
2501	888	1	250	10	0
2502	889	1	250	20	0
2503	890	1	250	30	0
2504	891	1	250	40	0
2505	892	1	250	50	0
2506	180	1	241	95	0
2507	644	1	217	0	32000
2508	644	2	346	46	0
2509	1604	1	439	0	32000
2510	1604	2	345	48	0
2511	1605	1	439	0	32000
2512	1605	2	345	51	0
2513	1606	1	439	0	32000
2514	1606	2	345	53	0
2518	120	2	440	52	200
2519	121	1	278	500	32000
2520	121	2	440	54	200
2521	158	1	238	1	0
2522	818	1	279	17	0
2523	819	1	279	19	0
2524	691	1	248	100	0
2525	4698	1	362	1	0
2526	6545	1	362	1	0
2527	1155	1	128	25	0
2528	1155	2	139	5027	0
2529	1155	3	128	25	0
2530	1155	4	139	5028	0
2531	1155	5	128	25	0
2532	1155	6	139	5029	0
2533	1155	7	128	25	0
2534	1155	8	139	5030	0
2535	1155	9	128	25	0
2536	1155	10	139	5031	0
2537	1155	11	128	25	0
2538	1155	12	139	5032	0
2539	1155	13	128	25	0
2540	1155	14	139	8476	0
2541	1156	1	128	50	0
2542	1156	2	139	5027	0
2543	1156	3	128	50	0
2544	1156	4	139	5028	0
2545	1156	5	128	50	0
2546	1156	6	139	5029	0
2547	1156	7	128	50	0
2548	1156	8	139	5030	0
2549	1156	9	128	50	0
2550	1156	10	139	5031	0
2551	1156	11	128	50	0
2552	1156	12	139	5032	0
2553	1156	13	128	50	0
2554	1156	14	139	8476	0
2555	1157	1	128	100	0
2556	1157	2	139	5027	0
2557	1157	3	128	100	0
2558	1157	4	139	5028	0
2559	1157	5	128	100	0
2560	1157	6	139	5029	0
2561	1157	7	128	100	0
2562	1157	8	139	5030	0
2563	1157	9	128	100	0
2564	1157	10	139	5031	0
2565	1157	11	128	100	0
2566	1157	12	139	5032	0
2567	1157	13	128	100	0
2568	1157	14	139	8476	0
2569	1137	1	310	180000	0
2570	1137	2	139	5027	0
2571	1137	3	310	180000	0
2572	1137	4	139	5028	0
2573	1137	5	310	180000	0
2574	1137	6	139	5029	0
2575	1137	7	310	180000	0
2576	1137	8	139	5030	0
2577	1137	9	310	180000	0
2578	1137	10	139	5031	0
2579	1137	11	310	180000	0
2580	1137	12	139	5032	0
2581	1137	13	310	180000	0
2582	1137	14	139	8476	0
2583	1138	1	310	360000	0
2584	1138	2	139	5027	0
2585	1138	3	310	360000	0
2586	1138	4	139	5028	0
2587	1138	5	310	360000	0
2588	1138	6	139	5029	0
2589	1138	7	310	360000	0
2590	1138	8	139	5030	0
2591	1138	9	310	360000	0
2592	1138	10	139	5031	0
2593	1138	11	310	360000	0
2594	1138	12	139	5032	0
2595	1138	13	310	360000	0
2596	1138	14	139	8476	0
2597	1139	1	310	540000	0
2598	1139	2	139	5027	0
2599	1139	3	310	540000	0
2600	1139	4	139	5028	0
2601	1139	5	310	540000	0
2602	1139	6	139	5029	0
2603	1139	7	310	540000	0
2604	1139	8	139	5030	0
2605	1139	9	310	540000	0
2606	1139	10	139	5031	0
2607	1139	11	310	540000	0
2608	1139	12	139	5032	0
2609	1139	13	310	540000	0
2610	1139	14	139	8476	0
