2	Innate Strength	1	5	4294967295	4294967295	13500	13501	1	4294967295	0	0	0	0	65534	1	51	0	3	4294967295	1	0	15	2	1	0	0	292	0
7	Innate Stamina	1	5	4294967295	4294967295	13502	13503	1	4294967295	0	0	0	0	65534	1	51	0	3	4294967295	1	0	15	7	1	0	0	302	0
12	Innate Agility	1	5	4294967295	4294967295	13504	13505	1	4294967295	0	0	0	0	65534	1	51	0	3	4294967295	1	0	15	12	1	0	0	312	0
17	Innate Dexterity	1	5	4294967295	4294967295	13506	13507	1	4294967295	0	0	0	0	65534	1	51	0	3	4294967295	1	0	15	17	1	0	0	322	0
22	Innate Intelligence	1	5	4294967295	4294967295	13508	13509	1	4294967295	0	0	0	0	65534	1	51	0	3	4294967295	1	0	15	22	1	0	0	332	0
27	Innate Wisdom	1	5	4294967295	4294967295	13510	13511	1	4294967295	0	0	0	0	65534	1	51	0	3	4294967295	1	0	15	27	1	0	0	342	0
32	Innate Charisma	1	5	4294967295	4294967295	13512	13513	1	4294967295	0	0	0	0	65534	1	51	0	3	4294967295	1	0	15	32	1	0	0	352	0
37	Innate Fire Protection	1	5	4294967295	4294967295	13514	13515	1	4294967295	0	0	0	0	65534	1	51	0	3	4294967295	1	0	15	37	1	0	0	362	0
42	Innate Cold Protection	1	5	4294967295	4294967295	13516	13517	1	4294967295	0	0	0	0	65534	1	51	0	3	4294967295	1	0	15	42	1	0	0	372	0
47	Innate Magic Protection	1	5	4294967295	4294967295	13518	13519	1	4294967295	0	0	0	0	65534	1	51	0	3	4294967295	1	0	15	47	1	0	0	382	0
52	Innate Poison Protection	1	5	4294967295	4294967295	13520	13521	1	4294967295	0	0	0	0	65534	1	51	0	3	4294967295	1	0	15	52	1	0	0	392	0
57	Innate Disease Protection	1	5	4294967295	4294967295	13522	13523	1	4294967295	0	0	0	0	65534	1	51	0	3	4294967295	1	0	15	57	1	0	0	402	0
62	Innate Run Speed	1	3	4294967295	4294967295	13524	13525	1	4294967295	0	0	0	0	65534	1	51	0	3	4294967295	1	0	5	62	1	0	0	672	0
65	Innate Regeneration	1	3	4294967295	4294967295	13526	13527	1	4294967295	0	0	0	0	65534	1	51	0	3	4294967295	1	0	5	65	1	0	0	674	0
68	Innate Metabolism	1	3	4294967295	4294967295	13528	13529	1	4294967295	0	0	0	0	65534	1	51	0	3	4294967295	1	0	3	68	1	0	0	0	0
71	Innate Lung Capacity	1	3	4294967295	4294967295	13530	13531	1	4294967295	0	0	0	0	65534	1	51	0	3	4294967295	1	0	6	71	1	0	0	676	0
74	First Aid	1	3	4294967295	4294967295	13532	13533	1	4294967295	0	0	0	0	65534	1	51	0	3	4294967295	1	0	6	74	1	0	0	263	0
77	Healing Adept	2	3	4294967295	4294967295	13534	13535	2	4294967295	4294967295	0	0	0	33884	0	55	2	3	4294967295	2	0	12	77	1	0	0	434	0
80	Healing Gift	2	3	4294967295	4294967295	13536	13537	2	4294967295	4294967295	0	0	0	33884	0	55	2	3	4294967295	2	0	21	80	1	0	0	437	0
83	Spell Casting Mastery	2	3	4294967295	4294967295	13538	13539	2	4294967295	4294967295	0	0	0	31812	0	55	2	3	4294967295	2	0	3	83	1	0	0	0	0
86	Spell Casting Reinforcement	2	3	4294967295	4294967295	13540	13541	2	4294967295	4294967295	0	0	0	50268	0	55	2	3	4294967295	2	0	3	86	1	0	0	0	0
89	Mental Clarity	2	3	4294967295	4294967295	13542	13543	2	4294967295	4294967295	0	0	0	64892	0	55	2	3	4294967295	2	0	3	89	1	0	0	0	0
92	Spell Casting Fury	2	3	4294967295	4294967295	13544	13545	2	4294967295	0	0	0	0	64892	0	55	2	3	4294967295	2	0	3	92	1	0	0	0	0
95	Channeling Focus	2	3	4294967295	4294967295	13546	13547	2	4294967295	4294967295	0	0	0	64892	0	55	2	3	4294967295	2	0	3	95	1	0	0	0	0
98	Spell Casting Subtlety	2	3	4294967295	4294967295	13548	13549	2	0	0	0	0	0	30976	0	55	2	3	4294967295	2	0	3	98	1	0	0	0	0
101	Spell Casting Expertise	2	3	4294967295	4294967295	13550	13551	2	4294967295	4294967295	0	0	0	31008	0	55	2	3	4294967295	2	0	3	101	1	0	0	0	0
104	Spell Casting Deftness	2	3	4294967295	4294967295	13552	13553	2	4294967295	4294967295	0	0	0	14368	0	55	2	3	4294967295	2	0	3	104	1	0	0	0	0
107	Natural Durability	2	3	4294967295	4294967295	13554	13555	2	4294967295	4294967295	0	0	0	65534	1	55	2	3	4294967295	1	0	3	107	1	0	0	0	0
110	Natural Healing	2	3	4294967295	4294967295	13556	13557	2	4294967295	4294967295	0	0	0	33722	1	55	2	3	4294967295	2	0	8	110	1	0	0	1031	0
113	Combat Fury	2	3	4294967295	4294967295	13558	13559	2	4294967295	4294967295	0	0	0	33722	1	55	2	3	4294967295	2	0	6	113	1	0	0	443	0
116	Fear Resistance	2	3	4294967295	4294967295	13560	13561	2	4294967295	4294967295	0	0	0	33722	1	55	2	3	4294967295	2	0	3	116	1	0	0	0	0
119	Finishing Blow	2	3	4294967295	4294967295	13562	13563	2	4294967295	0	0	0	0	33722	1	55	2	3	4294967295	2	0	21	119	1	0	0	440	0
122	Combat Stability	2	3	4294967295	4294967295	13564	13565	2	4294967295	4294967295	0	0	0	65534	1	55	2	3	4294967295	1	0	33	122	1	0	0	454	0
125	Combat Agility	2	3	4294967295	4294967295	13566	13567	2	4294967295	4294967295	0	0	0	65534	1	55	2	3	4294967295	1	0	33	125	1	0	0	449	0
128	Mass Group Buff	9	1	13811	13812	13809	13810	3	5228	4294967295	0	1	4320	60508	0	59	0	3	4294967295	3	0	1	128	1	0	0	0	0
129	Divine Resurrection	5	1	13570	13571	13568	13569	3	2738	80	3	2	259200	4	0	59	0	3	4294967295	3	0	1	129	1	0	0	0	0
130	Innate Invis to Undead	3	1	13574	13575	13572	13573	3	235	4294967295	0	3	7	2052	0	59	0	3	4294967295	3	0	1	130	1	0	1	0	0
131	Celestial Regeneration	5	1	13578	13579	13576	13577	3	2740	80	3	4	4320	4	0	59	0	3	4294967295	3	0	3	131	1	0	0	531	0
132	Bestow Divine Aura	6	1	13582	13583	13580	13581	3	2741	4294967295	0	5	8640	4	0	59	0	3	4294967295	3	0	1	132	1	0	0	0	0
133	Turn Undead	3	3	13586	13587	13584	13585	3	2776	4294967295	0	6	4320	4	0	59	3	3	4294967295	3	0	3	133	1	0	0	0	0
136	Purify Soul	5	1	13590	4294967295	13588	13589	3	2742	4294967295	0	7	4320	4	0	59	0	3	4294967295	3	0	1	136	1	0	0	0	0
137	Quick Evacuation	3	3	4294967295	4294967295	13592	13593	3	4294967295	4294967295	0	0	0	4160	0	59	3	3	4294967295	3	0	3	137	1	0	0	0	0
140	Exodus	6	1	13596	4294967295	13594	13595	3	2771	4294967295	0	3	4320	4160	0	59	0	3	4294967295	3	0	1	140	1	0	0	0	0
141	Quick Damage	3	3	4294967295	4294967295	13598	13599	3	4294967295	92	3	0	0	12352	0	59	3	3	4294967295	3	0	3	141	1	0	0	0	0
144	Enhanced Root	5	1	4294967295	4294967295	13600	13601	3	4294967295	4294967295	0	0	0	64	0	59	0	3	4294967295	3	0	1	144	1	0	0	0	0
145	Dire Charm	9	1	13604	13605	13602	13603	3	4294967295	4294967295	0	15	4320	18496	0	59	0	3	4294967295	3	0	1	145	1	0	0	0	0
146	Cannibalization	5	1	13608	13609	13606	13607	3	2749	89	3	2	180	1024	0	59	0	3	4294967295	3	0	1	146	1	0	0	0	0
147	Quick Buff	3	3	4294967295	4294967295	13610	13611	3	4294967295	4294967295	0	0	0	17408	0	59	3	3	4294967295	3	0	3	147	1	0	0	0	0
150	Alchemy Mastery	3	3	4294967295	4294967295	13612	13613	3	4294967295	4294967295	0	0	0	1024	0	59	3	3	4294967295	3	0	3	150	1	0	0	0	0
153	Rabid Bear	5	1	13616	13617	13614	13615	3	2750	4294967295	0	3	7200	1024	0	59	0	3	4294967295	3	0	1	153	1	0	0	0	0
154	Mana Burn	5	1	13620	13621	13618	13619	3	2751	89	3	7	7200	4096	0	59	0	3	4294967295	3	0	1	154	1	0	0	0	0
155	Improved Familiar	9	1	13624	13625	13622	13623	3	2758	0	0	8	420	4096	0	59	0	3	4294967295	3	0	2	155	1	0	0	533	0
156	Nexus Gate	6	1	13628	13629	13626	13627	3	2734	4294967295	0	2	4320	4096	0	59	0	3	4294967295	3	0	1	156	1	0	0	0	0
158	Permanent Illusion	3	1	4294967295	4294967295	13630	13631	3	4294967295	4294967295	0	0	0	16384	0	59	0	3	4294967295	3	0	1	158	1	0	0	0	0
159	Jewelcraft Mastery	3	3	4294967295	4294967295	13632	13633	3	4294967295	4294967295	0	0	0	16384	0	59	3	3	4294967295	3	0	3	159	1	0	0	0	0
162	Gather Mana	5	1	13636	13637	13634	13635	3	2753	89	3	3	8640	16384	0	59	0	3	4294967295	3	0	1	162	1	0	0	0	0
163	Mend Companion	5	1	13640	13641	13638	13639	3	2752	4294967295	0	2	2160	43008	0	59	0	3	4294967295	3	0	1	163	1	0	0	0	0
164	Quick Summoning	3	3	4294967295	4294967295	13642	13643	3	4294967295	4294967295	0	0	0	8192	0	59	3	3	4294967295	3	0	3	164	1	0	0	0	0
167	Frenzied Burnout	6	1	13646	13647	13644	13645	3	2754	4294967295	0	14	900	8192	0	59	0	3	4294967295	3	0	1	167	1	0	0	0	0
168	Elemental Form: Fire	3	3	13650	13651	13648	13649	3	2795	4294967295	0	4	900	8192	0	59	3	3	4294967295	3	0	3	168	1	0	0	0	0
171	Elemental Form: Water	3	3	13654	13655	13652	13653	3	2798	4294967295	0	4	900	8192	0	59	3	3	4294967295	3	0	3	171	1	0	0	0	0
174	Elemental Form: Earth	3	3	13658	13659	13656	13657	3	2792	4294967295	0	4	900	8192	0	59	3	3	4294967295	3	0	3	174	1	0	0	0	0
177	Elemental Form: Air	3	3	13662	13663	13660	13661	3	2789	4294967295	0	4	900	8192	0	59	3	3	4294967295	3	0	3	177	1	0	0	0	0
180	Improved Reclaim Energy	3	1	4294967295	4294967295	13664	13665	3	4294967295	4294967295	0	0	0	8192	0	59	0	3	4294967295	3	0	1	180	1	0	0	0	0
181	Turn Summoned	3	3	13668	13669	13666	13667	3	8133	4294967295	0	5	300	8192	0	59	3	3	4294967295	3	0	3	181	1	0	0	0	0
182	Elemental Pact	5	1	4294967295	4294967295	13670	13671	3	4294967295	4294967295	0	0	0	8192	0	59	0	3	4294967295	3	0	1	182	1	0	0	0	0
183	Lifeburn	9	1	13674	13675	13672	13673	3	2755	4294967295	0	4	8640	2048	0	59	0	3	4294967295	3	0	1	183	1	0	0	0	0
184	Dead Mesmerization	3	1	13678	13679	13676	13677	3	2756	4294967295	0	5	4320	2048	0	59	0	3	4294967295	3	0	1	184	1	0	0	0	0
185	Fearstorm	5	1	13682	13683	13680	13681	3	2757	4294967295	0	6	4320	2048	0	59	0	3	4294967295	3	0	1	185	1	0	0	0	0
186	Flesh to Bone	3	1	13686	13687	13684	13685	3	2772	4294967295	0	7	7	2048	0	59	0	3	4294967295	3	0	1	186	1	0	0	0	0
187	Call to Corpse	6	1	13690	13691	13688	13689	3	2764	4294967295	0	8	4320	2048	0	59	0	3	4294967295	3	0	1	187	1	0	0	0	0
188	Divine Stun	9	1	13694	13695	13692	13693	3	2190	4294967295	0	9	30	8	0	59	0	3	4294967295	3	0	1	188	1	0	0	0	0
189	Improved Lay on Hands	5	1	4294967295	4294967295	13696	13697	3	4294967295	4294967295	0	0	0	8	0	59	0	3	4294967295	3	0	1	189	1	0	0	0	0
190	Slay Undead	3	3	4294967295	4294967295	13698	13699	3	4294967295	113	3	0	0	8	0	59	3	3	4294967295	3	0	6	190	1	0	0	1524	0
193	Act of Valor	3	1	13702	13703	13700	13701	3	2775	4294967295	0	3	4320	8	0	59	0	3	4294967295	3	0	1	193	1	0	0	0	0
194	Holy Steed	5	1	13706	13707	13704	13705	3	2874	4294967295	0	0	1	8	0	59	0	3	4294967295	3	0	1	194	1	0	0	0	0
195	Fearless	6	1	4294967295	4294967295	13708	13709	3	4294967295	116	3	0	0	40	0	59	0	3	4294967295	3	0	1	195	1	0	0	0	0
196	2 Hand Bash	6	1	4294967295	4294967295	13710	13711	3	4294967295	4294967295	0	0	0	40	0	59	0	3	4294967295	3	0	1	196	1	0	0	0	0
197	Innate Camouflage	5	1	13714	13715	13712	13713	3	2765	4294967295	0	2	7	80	0	59	0	3	4294967295	3	0	1	197	1	0	0	0	0
198	Ambidexterity	9	1	4294967295	4294967295	13716	13717	3	4294967295	4294967295	0	0	0	33682	0	59	0	3	4294967295	3	0	1	198	1	0	0	0	0
199	Archery Mastery	3	3	4294967295	4294967295	13718	13719	3	4294967295	4294967295	0	0	0	16	0	59	3	3	4294967295	3	0	3	199	1	0	0	0	0
205	Endless Quiver	9	1	4294967295	4294967295	13722	13723	3	4294967295	4294967295	0	0	0	16	0	59	0	3	4294967295	3	0	1	205	1	0	0	0	0
206	Unholy Steed	5	1	13726	13727	13724	13725	3	2875	4294967295	0	0	1	32	0	59	0	3	4294967295	3	0	1	206	1	0	0	0	0
207	Improved Harm Touch	6	1	13730	13731	13728	13729	3	2821	4294967295	0	2	4320	32	0	59	0	3	4294967295	3	0	1	207	1	0	0	0	0
208	Leech Touch	6	1	13734	13735	13732	13733	3	2774	4294967295	0	2	4320	32	0	59	0	3	4294967295	3	0	1	208	1	0	0	0	0
210	Soul Abrasion	3	3	4294967295	4294967295	13740	13741	3	4294967295	4294967295	0	0	0	32	0	59	3	3	4294967295	3	0	3	210	1	0	0	0	0
213	Instrument Mastery	3	3	4294967295	4294967295	13742	13743	3	4294967295	4294967295	0	0	0	256	0	59	3	3	4294967295	3	0	4	213	1	0	0	700	0
225	Jam Fest	3	3	4294967295	4294967295	13750	13751	3	4294967295	4294967295	0	0	0	256	0	59	3	3	4294967295	3	0	3	225	1	0	0	0	0
230	Critical Mend	3	3	4294967295	4294967295	13757	13758	3	4294967295	74	3	0	0	128	0	59	3	3	4294967295	3	0	6	230	1	0	0	539	0
233	Purify Body	9	1	13761	13762	13759	13760	3	2742	4294967295	0	1	1800	128	0	59	0	3	4294967295	3	0	1	233	1	0	0	0	0
237	Rapid Feign	3	3	4294967295	4294967295	13765	13766	3	4294967295	4294967295	0	0	0	128	0	59	3	3	4294967295	3	0	3	237	1	0	0	0	0
240	Return Kick	3	3	4294967295	4294967295	13767	13768	3	4294967295	0	0	0	0	128	0	59	3	3	4294967295	3	0	3	240	1	0	0	0	0
243	Escape	9	1	13771	4294967295	13769	13770	3	5244	4294967295	0	1	4320	512	0	59	0	3	4294967295	3	0	1	243	1	0	0	0	0
244	Poison Mastery	3	3	4294967295	4294967295	13773	13774	3	4294967295	4294967295	0	0	0	512	0	59	3	3	6	3	0	3	244	1	0	0	0	0
247	Double Riposte	3	3	4294967295	4294967295	13775	13776	3	4294967295	4294967295	0	0	0	33466	1	59	3	3	4294967295	3	0	6	247	1	0	0	504	0
254	Purge Poison	9	1	13783	13784	13781	13782	3	5232	4294967295	0	12	4320	512	0	59	0	3	4294967295	3	0	1	254	1	0	0	0	0
255	Flurry	3	3	4294967295	4294967295	13785	13786	3	4294967295	113	3	0	0	2	1	59	3	3	4294967295	3	0	12	255	1	0	0	542	0
258	Rampage	5	1	13789	4294967295	13787	13788	3	5233	4294967295	0	1	600	2	1	59	0	3	4294967295	3	0	1	258	1	0	0	0	0
259	Area Taunt	5	1	13793	13794	13791	13792	3	0	4294967295	0	2	900	2	0	59	0	3	4294967295	3	0	1	259	1	0	0	0	0
260	Warcry	3	3	13797	4294967295	13795	13796	3	5229	116	3	3	2160	2	0	59	3	3	4294967295	3	0	3	260	1	0	0	0	0
263	Bandage Wound	3	3	4294967295	4294967295	13799	13800	3	4294967295	74	3	0	0	2	1	59	3	3	4294967295	3	0	6	74	1	0	3	0	0
266	Spell Casting Reinforcement Mastery	8	1	4294967295	4294967295	13801	13802	3	4294967295	86	3	0	0	17476	0	59	0	3	4294967295	3	0	1	266	1	0	0	0	0
267	Spell Casting Fury Mastery	3	3	4294967295	4294967295	13803	13804	3	4294967295	92	3	0	0	4096	0	59	3	3	4294967295	2	0	8	267	1	0	0	640	0
270	Extended Notes	3	3	4294967295	4294967295	13805	13806	3	4294967295	4294967295	0	0	0	256	0	59	3	3	4294967295	3	0	3	270	1	0	0	0	0
273	Dragon Punch	5	1	4294967295	4294967295	13807	13808	3	4294967295	4294967295	0	0	0	128	0	59	0	3	4294967295	3	0	1	273	1	0	0	0	0
274	Strong Root	5	1	13815	13816	13813	13814	3	2748	4294967295	0	4	4320	4096	0	59	0	3	4294967295	3	0	1	274	1	0	0	0	0
275	Singing Mastery	3	3	4294967295	4294967295	13817	13818	3	4294967295	4294967295	0	0	0	256	0	59	3	3	4294967295	3	0	4	275	1	0	0	701	0
278	Body and Mind Rejuvenation	5	1	4294967295	4294967295	13819	13820	3	4294967295	4294967295	0	0	0	33080	0	59	0	3	4294967295	3	0	1	278	1	0	0	0	0
279	Physical Enhancement	5	1	4294967295	4294967295	13821	13822	3	4294967295	4294967295	0	0	0	33722	1	59	0	3	4294967295	3	0	1	279	1	0	0	0	0
280	Adv. Trap Negotiation	3	3	4294967295	4294967295	13823	13824	3	4294967295	4294967295	0	0	0	768	0	59	3	3	4294967295	3	0	3	280	1	0	0	0	0
283	Acrobatics	3	3	4294967295	4294967295	13825	13826	3	4294967295	4294967295	0	0	0	896	0	59	3	3	4294967295	3	0	3	283	1	0	0	0	0
286	Scribble Notes	3	1	4294967295	4294967295	13827	13828	3	4294967295	4294967295	0	0	0	256	0	59	0	3	4294967295	3	0	1	286	1	0	0	0	0
287	Chaotic Stab	6	1	4294967295	4294967295	13829	13830	3	4294967295	4294967295	0	0	0	512	0	59	0	3	4294967295	3	0	1	287	1	0	0	0	0
288	Pet Discipline	6	1	4294967295	4294967295	13831	13832	3	4294967295	4294967295	0	0	0	44064	0	59	0	3	4294967295	2	0	3	288	1	0	0	1129	0
289	Hobble of Spirits	5	1	3300	3301	3298	3299	3	3290	4294967295	0	3	300	32768	0	59	0	3	4294967295	3	0	1	289	1	0	0	0	0
290	Frenzy of Spirit	4	1	3304	3305	3302	3303	3	3289	4294967295	0	4	720	32768	0	59	0	3	4294967295	3	0	2	290	1	0	0	0	0
291	Paragon of Spirit	6	1	3308	3309	3306	3307	3	3291	4294967295	0	5	900	32768	0	59	0	3	4294967295	3	0	1	291	1	0	0	0	0
292	Advanced Innate Strength	1	10	4294967295	4294967295	5546	5550	4	4294967295	2	5	0	0	65534	1	61	0	4	4294967295	1	0	15	2	1	0	5	0	0
302	Advanced Innate Stamina	1	10	4294967295	4294967295	5551	5552	4	4294967295	7	5	0	0	65534	1	61	0	4	4294967295	1	0	15	7	1	0	5	0	0
312	Advanced Innate Agility	1	10	4294967295	4294967295	5553	5554	4	4294967295	12	5	0	0	65534	1	61	0	4	4294967295	1	0	15	12	1	0	5	0	0
322	Advanced Innate Dexterity	1	10	4294967295	4294967295	5555	5556	4	4294967295	17	5	0	0	65534	1	61	0	4	4294967295	1	0	15	17	1	0	5	0	0
332	Advanced Innate Intelligence	1	10	4294967295	4294967295	5557	5558	4	4294967295	22	5	0	0	65534	1	61	0	4	4294967295	1	0	15	22	1	0	5	0	0
342	Advanced Innate Wisdom	1	10	4294967295	4294967295	5559	5560	4	4294967295	27	5	0	0	65534	1	61	0	4	4294967295	1	0	15	27	1	0	5	0	0
352	Advanced Innate Charisma	1	10	4294967295	4294967295	5564	5565	4	4294967295	32	5	0	0	65534	1	61	0	4	4294967295	1	0	15	32	1	0	5	0	0
362	Warding of Solusek	1	10	4294967295	4294967295	5568	5569	4	4294967295	37	5	0	0	65534	1	61	0	4	4294967295	1	0	15	37	1	0	5	0	0
372	Blessing of E'ci	1	10	4294967295	4294967295	5570	5571	4	4294967295	42	5	0	0	65534	1	61	0	4	4294967295	1	0	15	42	1	0	5	0	0
382	Marr's Protection	1	10	4294967295	4294967295	5566	5567	4	4294967295	47	5	0	0	65534	1	61	0	4	4294967295	1	0	15	47	1	0	5	0	0
392	Shroud of The Faceless	1	10	4294967295	4294967295	5572	5573	4	4294967295	52	5	0	0	65534	1	61	0	4	4294967295	1	0	15	52	1	0	5	0	0
402	Bertoxxulous' Gift	1	10	4294967295	4294967295	5574	5575	4	4294967295	57	5	0	0	65534	1	61	0	4	4294967295	1	0	15	57	1	0	5	0	0
412	New Tanaan Crafting Mastery	3	6	4294967295	4294967295	3286	3287	1	4294967295	0	0	0	0	65534	1	51	0	1	6	1	0	6	412	1	0	0	0	0
418	Planar Power	2	5	4294967295	4294967295	5547	5548	4	4294967295	0	0	0	0	65534	1	61	0	4	4294967295	1	0	20	418	1	0	0	1001	0
423	Planar Durability	3	3	4294967295	4294967295	5549	5560	4	4294967295	0	0	0	0	42	1	61	0	4	4294967295	1	0	3	423	1	0	0	0	0
426	Innate Enlightenment	3	5	4294967295	4294967295	5561	5562	4	4294967295	0	0	0	0	31812	0	61	0	4	4294967295	1	0	5	426	1	0	0	0	0
434	Advanced Healing Adept	2	3	4294967295	4294967295	5578	5579	5	4294967295	77	3	0	0	33884	0	62	2	4	4294967295	2	0	12	77	1	0	3	1083	0
437	Advanced Healing Gift	2	3	4294967295	4294967295	5580	5581	5	4294967295	80	3	0	0	33884	0	62	2	4	4294967295	2	0	21	80	1	0	3	1086	0
440	Coup de Grace	2	3	4294967295	4294967295	5618	5619	5	4294967295	119	3	0	0	33722	1	62	0	4	4294967295	2	0	21	119	1	0	3	1053	0
443	Fury of the Ages	3	3	4294967295	4294967295	5620	5621	5	4294967295	113	3	0	0	33722	1	62	0	4	4294967295	2	0	6	113	1	0	3	0	0
446	Mastery of the Past	3	3	4294967295	4294967295	446	446	5	4294967295	101	3	0	0	31008	0	62	0	4	4294967295	2	0	3	446	1	0	0	7050	0
449	Lightning Reflexes	3	5	4294967295	4294967295	5636	5637	5	4294967295	125	3	0	0	65534	1	61	0	4	4294967295	1	0	33	125	1	0	3	1061	1
454	Innate Defense	3	5	4294967295	4294967295	5638	5639	5	4294967295	122	3	0	0	65534	1	61	0	4	4294967295	1	0	33	122	1	0	3	1066	1
459	Radiant Cure	2	3	3310	4294967294	9283	9284	5	3297	0	0	8	180	1092	0	61	2	4	4294967295	3	0	3	459	1	0	0	0	0
477	Hastened Exodus	2	3	4294967295	4294967295	5594	5595	5	4294967295	140	1	0	0	4160	0	63	0	4	4294967295	3	0	3	477	1	0	0	0	0
480	Hastened Root	2	3	4294967295	4294967295	5596	5597	5	4294967295	274	1	0	0	4096	0	63	0	4	4294967295	3	0	3	480	1	0	0	0	0
483	Hastened Mending	2	3	4294967295	4294967295	5598	5599	5	4294967295	163	1	0	0	43008	0	63	0	4	4294967295	3	0	3	483	1	0	0	0	0
462	Hastened Divinity	2	3	4294967295	4294967295	5582	5583	5	4294967295	132	1	0	0	4	0	63	0	4	4294967295	3	0	3	462	1	0	0	0	0
468	Hastened Purification of the Soul	2	3	4294967295	4294967295	5588	5589	5	4294967295	136	1	0	0	4	0	63	0	4	4294967295	3	0	3	468	1	0	0	0	0
471	Hastened Gathering	2	3	4294967295	4294967295	5590	5591	5	4294967295	162	1	0	0	16384	0	63	0	4	4294967295	3	0	3	471	1	0	0	0	0
474	Hastened Rabidity	2	3	4294967295	4294967295	5592	5593	5	4294967295	153	1	0	0	1024	0	63	0	4	4294967295	3	0	3	474	1	0	0	0	0
486	Hastened Banishment	2	3	4294967295	4294967295	5600	5601	5	4294967295	182	1	0	0	8192	0	63	2	4	4294967295	3	0	3	486	1	0	0	0	0
489	Hastened Instigation	2	3	4294967295	4294967295	5608	5609	5	4294967295	259	1	0	0	2	0	63	0	4	4294967295	3	0	3	489	1	0	0	0	0
492	Furious Rampage	2	3	4294967295	4294967295	5610	5611	5	4294967295	258	1	0	0	2	1	63	0	4	4294967295	3	0	3	492	1	0	0	0	0
495	Hastened Purification of the Body	2	3	4294967295	4294967295	5612	5613	5	4294967295	233	1	0	0	128	0	63	0	4	4294967295	3	0	3	495	1	0	0	0	0
498	Hasty Exit	2	3	4294967295	4294967295	5614	5615	5	4294967295	243	1	0	0	512	0	63	0	4	4294967295	3	0	5	498	1	0	0	886	0
501	Hastened Purification	2	3	4294967295	4294967295	5616	5617	5	4294967295	254	1	0	0	512	0	63	0	4	4294967295	3	0	3	501	1	0	0	0	0
504	Flash of Steel	3	3	4294967295	4294967295	5622	5623	5	4294967295	249	3	0	0	33466	1	62	0	4	4294967295	3	0	6	247	1	0	3	0	0
507	Divine Arbitration	3	3	5696	5697	5532	5533	5	3252	0	0	9	180	4	0	61	0	4	4294967295	3	0	3	507	1	0	0	0	0
510	Wrath of the Wild	3	3	5698	5699	5534	5535	5	3255	0	0	4	240	64	0	61	0	4	4294967295	3	0	3	510	1	0	0	0	0
513	Virulent Paralysis	3	3	5700	5701	5536	5537	5	3274	0	0	4	120	1024	0	61	0	4	4294967295	3	0	3	513	1	0	0	0	0
516	Harvest of Druzzil	2	1	5702	5703	5538	5539	5	3338	0	0	5	480	4096	0	62	0	4	4294967295	3	0	1	516	1	0	0	0	0
517	Eldritch Rune	3	3	5706	5707	5542	5543	5	3258	0	0	4	600	16384	0	61	0	4	4294967295	3	0	3	517	1	0	0	0	0
520	Servant of Ro	3	3	5704	5705	5540	5541	5	3265	0	0	6	540	8192	0	61	0	4	4294967295	3	0	3	520	1	0	0	0	0
523	Wake the Dead	5	3	5708	5709	5544	5545	5	3268	0	0	9	540	2048	0	61	-1	4	4294967295	3	0	3	523	1	0	0	0	0
526	Suspended Minion	5	2	5710	5711	5626	5627	5	5844	0	0	0	1	60448	0	62	-2	4	4294967295	3	0	2	526	1	0	0	0	0
528	Spirit Call	4	3	5712	5713	5628	5629	5	3283	0	0	5	720	1024	0	61	-1	4	4294967295	3	0	3	528	1	0	0	0	0
531	Celestial Renewal	3	2	28226	28227	5630	5631	5	3250	131	1	4	900	4	0	63	3	4	4294967295	3	0	3	131	1	0	1	0	0
533	Allegiant Familiar	6	1	9244	4294967295	5632	5633	5	3264	155	1	8	420	4096	0	64	0	4	4294967295	3	0	2	155	1	0	1	0	0
534	Hand of Piety	3	3	5724	5725	5634	5635	5	3261	189	1	4	2160	8	0	61	0	4	4294967295	3	0	3	534	1	0	0	0	0
537	Mithaniel's Binding	3	2	4294967295	4294967295	5640	5641	5	4294967295	263	3	0	0	2	1	63	0	4	4294967295	3	0	2	537	1	0	0	0	0
539	Mending of the Tranquil	2	3	4294967295	4294967295	5642	5643	5	4294967295	230	3	0	0	128	0	63	2	4	4294967295	3	0	6	230	1	0	3	0	0
542	Raging Flurry	2	3	4294967295	4294967295	5644	5645	5	4294967295	255	3	0	0	2	1	63	2	4	4294967295	3	0	12	255	1	0	3	1163	0
545	Guardian of the Forest	3	3	5714	5715	5646	5647	5	3271	0	0	3	900	16	0	61	0	4	4294967295	3	0	3	545	1	0	0	0	0
548	Spirit of the Wood	4	3	5716	5717	5648	5649	5	3277	0	0	5	900	64	0	61	-1	4	4294967295	3	0	3	548	1	0	0	0	0
551	Bestial Frenzy	2	5	4294967295	4294967295	5650	5651	5	4294967295	0	0	0	0	32768	0	61	0	4	4294967295	3	0	5	551	1	0	0	0	0
556	Harmonious Attack	2	5	4294967295	4294967295	5652	5653	5	4294967295	0	0	0	0	256	0	61	0	4	4294967295	3	0	5	556	1	0	0	0	0
561	Knight's Advantage	2	3	4294967295	4294967295	5654	5655	5	4294967295	0	0	0	0	40	0	61	2	4	4294967295	3	0	6	561	1	0	0	1624	0
564	Ferocity	3	3	4294967295	4294967295	5656	5657	2	4294967295	0	0	0	0	658	1	61	2	4	4294967295	3	0	6	564	1	0	0	1621	0
567	Viscid Roots	5	1	4294967295	4294967295	5664	5665	5	4294967295	144	1	0	0	64	0	63	0	4	4294967295	3	0	2	567	1	0	0	5061	0
568	Sionachie's Crescendo	2	3	4294967295	4294967295	5666	5667	5	4294967295	270	3	0	0	256	0	63	0	4	4294967295	3	0	3	568	1	0	0	0	0
571	Ayonaes Tutelage	2	3	4294967295	4294967295	5668	5669	5	4294967295	0	0	0	0	256	0	63	0	4	4294967295	3	0	3	571	1	0	0	0	0
574	Feigned Minion	3	3	4294967295	4294967295	5674	5675	5	4294967295	288	1	0	0	2048	0	61	0	4	4294967295	3	0	3	574	1	0	0	0	0
577	Unfailing Divinity	2	3	4294967295	4294967295	5660	5661	5	4294967295	0	0	0	0	4	0	61	2	4	4294967295	3	0	3	577	1	0	0	0	0
580	Animation Empathy	4	3	4294967295	4294967295	5658	5659	5	4294967295	0	0	0	0	16384	0	61	-1	4	4294967295	3	0	3	580	1	0	0	0	0
583	Rush to Judgment	2	3	4294967295	4294967295	5672	5673	5	4294967295	188	1	0	0	8	0	63	0	4	4294967295	3	0	3	583	1	0	0	0	0
586	Living Shield	2	3	4294967295	4294967295	3275	3276	5	4294967295	279	1	0	0	2	0	61	2	4	4294967295	3	0	3	586	1	0	0	0	0
589	Consumption of the Soul	3	3	4294967295	4294967295	3283	3284	5	4294967295	208	1	0	0	32	0	61	0	4	4294967295	3	0	5	589	1	0	0	893	0
592	Boastful Bellow	6	1	5718	5719	5676	5677	5	3282	113	1	2	18	256	0	63	0	4	4294967295	3	0	1	592	1	0	0	0	0
593	Fervent Blessing	3	3	4294967295	4294967295	5680	5681	5	4294967295	0	0	0	0	8	0	61	0	4	4294967295	3	0	3	593	1	0	0	0	0
596	Touch of the Wicked	2	3	4294967295	4294967295	5682	5683	5	4294967295	0	0	0	0	32	0	61	2	4	4294967295	3	0	3	596	1	0	0	0	0
599	Punishing Blade	2	3	4294967295	4294967295	5684	5685	5	4294967295	0	0	0	0	146	1	61	2	4	4294967295	2	0	12	599	1	0	0	1536	0
602	Speed of the Knight	3	3	4294967295	4294967295	5686	5687	5	4294967295	0	0	0	0	40	0	61	0	4	4294967295	3	0	3	602	1	0	0	0	0
605	Shroud of Stealth	6	1	4294967295	4294967295	5688	5689	5	4294967295	0	0	0	0	512	0	63	0	4	4294967295	3	0	1	605	1	0	0	0	0
606	Nimble Evasion	1	5	4294967295	4294967295	5690	5691	5	4294967295	0	0	0	0	512	0	61	0	4	4294967295	3	0	5	606	1	0	0	0	0
611	Technique of Master Wu	2	5	4294967295	4294967295	5692	5693	5	4294967295	0	0	0	0	128	0	61	0	4	4294967295	3	0	5	611	1	0	0	0	0
616	Host of the Elements	5	3	5720	5721	5694	5695	5	3286	0	0	7	900	8192	0	63	-1	4	4294967295	3	0	3	616	1	0	0	0	0
619	Call of Xuzl	3	3	3290	3291	3288	3289	5	3292	0	0	6	900	4096	0	61	-1	4	4294967295	3	0	5	619	1	0	0	721	0
622	Hastened Stealth	3	3	4294967295	4294967295	3314	3315	5	4294967295	0	0	0	0	512	0	61	0	4	4294967295	3	0	3	622	1	0	0	0	0
625	Ingenuity	1	3	4294967295	4294967295	5523	5728	5	4294967295	0	0	0	0	642	1	61	1	4	4294967295	2	0	9	625	1	0	0	4733	0
628	Fleet of Foot	2	2	4294967295	4294967295	5584	5585	5	4294967295	0	0	0	0	256	0	62	2	4	4294967295	3	0	2	628	1	0	0	0	0
630	Fading Memories	6	1	5732	5733	5730	5731	5	5243	0	0	7	1	256	0	63	0	4	4294967295	3	0	1	630	1	0	0	0	0
631	Tactical Mastery	2	3	4294967295	4294967295	5734	5735	5	4294967295	0	0	0	0	2	1	61	1	4	4294967295	3	0	3	631	1	0	0	0	0
634	Theft of Life	1	3	4294967295	4294967295	5736	5737	5	4294967295	0	0	0	0	2080	0	61	1	4	4294967295	3	0	8	634	1	0	0	844	0
637	Fury of Magic	3	3	4294967295	4294967295	5738	5739	5	4294967295	92	3	0	0	27716	0	61	3	4	4294967295	2	0	6	637	1	0	0	770	0
640	Fury of Magic Mastery	2	3	4294967295	4294967295	5740	5741	5	4294967295	267	3	0	0	4096	0	61	2	4	4294967295	2	0	8	267	1	0	3	924	0
643	Project Illusion	4	1	5662	5663	5670	5742	5	5227	158	1	0	1	16384	0	62	0	4	4294967295	3	0	1	643	1	0	0	0	0
644	Headshot	4	1	4294967295	4294967295	5743	5744	5	4294967295	199	1	0	0	16	0	62	0	4	4294967295	3	0	1	644	1	0	0	0	0
645	Entrap	4	1	5749	4294967295	5747	5748	5	3614	0	0	4	5	16	0	64	0	4	4294967295	3	0	1	645	1	0	0	0	0
646	Unholy Touch	2	3	4294967295	4294967295	9000	9001	5	4294967295	207	1	0	0	32	0	61	2	4	4294967295	3	0	3	646	1	0	0	0	0
649	Total Domination	2	3	4294967295	4294967295	9002	9003	5	4294967295	0	0	0	0	16384	0	61	2	4	4294967295	3	0	3	649	1	0	0	0	0
652	Stalwart Endurance	2	3	4294967295	4294967295	5751	5752	5	4294967295	0	0	0	0	2	1	61	2	4	4294967295	3	0	3	652	1	0	0	0	2
672	Swift Journey	5	2	4294967295	4294967295	9151	9152	6	4294967295	62	3	0	0	65534	1	61	0	7	4294967295	1	0	5	62	1	0	3	0	0
674	Convalescence	3	2	4294967295	4294967295	9153	9154	6	4294967295	65	3	0	0	65534	1	61	0	7	4294967295	1	0	5	65	1	0	3	0	0
676	Lasting Breath	2	2	4294967295	4294967295	9155	9156	6	4294967295	71	3	0	0	65534	1	61	0	7	4294967295	1	0	6	71	1	0	3	978	0
678	Packrat	3	5	4294967295	4294967295	9325	9326	6	4294967295	0	0	0	0	65534	1	61	0	7	4294967295	1	0	5	678	1	0	0	0	0
686	Weapon Affinity	5	5	4294967295	4294967295	9159	9160	6	4294967295	0	0	0	0	33722	1	55	0	7	4294967295	2	0	5	686	1	0	0	0	0
691	Secondary Forte	15	1	4294967295	4294967295	9161	9162	6	4294967295	0	0	0	0	31812	0	55	0	7	4294967295	2	0	1	691	1	0	0	0	0
692	Persistent Casting	3	3	4294967295	4294967295	9187	9188	6	4294967295	0	0	0	0	64892	0	55	3	7	4294967295	2	0	9	692	1	0	0	7647	0
718	Bestial Alignment	3	3	9219	4294967295	9219	9220	6	4521	0	0	7	4320	32768	0	65	3	7	4294967295	2	0	3	718	1	0	0	0	0
721	Wrath of Xuzl	5	2	3290	3291	9199	9200	6	5110	619	3	6	900	4096	0	65	0	7	4294967295	2	0	5	619	1	0	3	0	0
723	Feral Swipe	9	1	9175	4294967295	9175	9176	6	4788	0	0	6	60	32768	0	65	0	7	4294967295	2	0	1	723	1	0	0	0	0
724	Warder's Fury	3	5	4294967295	4294967295	9177	9178	6	4294967295	0	0	0	0	32768	0	65	0	7	4294967295	3	0	5	724	1	0	0	0	0
729	Warder's Alacrity	3	5	4294967295	4294967295	9179	9180	6	4294967295	0	0	0	0	32768	0	65	0	7	4294967295	3	0	5	729	1	0	0	0	0
734	Pet Affinity	12	1	4294967295	4294967295	9285	9286	6	4294967295	0	0	0	0	60448	0	65	0	7	4294967295	2	0	1	734	1	0	0	0	0
735	Mastery of the Past	3	3	4294967295	4294967295	9163	9164	6	4294967295	0	0	0	0	33884	0	62	0	7	4294967295	2	0	15	735	1	0	0	7050	0
767	Critical Affliction	3	3	4294967295	4294967295	9191	9192	6	4294967295	0	0	0	0	36208	0	65	3	7	4294967295	2	0	9	767	1	0	0	1099	0
806	Sinister Strikes	15	1	4294967295	4294967295	9231	9232	6	4294967295	198	1	0	0	33682	0	65	0	7	4294967295	2	0	1	806	1	0	0	0	0
921	Ro's Flaming Familiar	15	1	9269	4294967295	9269	9270	6	4833	0	0	8	60	4096	0	65	0	7	4294967295	2	0	1	921	1	0	0	0	0
922	E'ci's Icy Familiar	15	1	9227	4294967295	9227	9228	6	4834	0	0	8	60	4096	0	65	0	7	4294967295	2	0	1	922	1	0	0	0	0
923	Druzzil's Mystical Familiar	15	1	9279	4294967295	9279	9280	6	4835	0	0	8	60	4096	0	65	0	7	4294967295	2	0	1	923	1	0	0	0	0
924	Advanced Fury of Magic Mastery	5	2	4294967295	4294967295	9265	9266	6	4294967295	640	3	0	0	4096	0	65	0	7	4294967295	2	0	8	267	1	0	6	0	0
926	Ward of Destruction	3	5	9319	4294967295	9319	9320	6	4836	0	0	12	1800	4096	0	65	0	7	4294967295	2	0	5	926	1	0	0	0	0
931	Frenzied Devastation	5	3	9340	4294967295	9340	9341	6	5245	92	1	13	4320	4096	0	65	3	7	4294967295	2	0	3	931	1	0	0	0	0
978	Eternal Breath	5	1	4294967295	4294967295	30012	30013	7	4294967295	676	2	0	0	65534	1	68	0	8	4294967295	1	0	6	71	1	0	5	0	0
979	Blacksmithing Mastery	3	3	4294967295	4294967295	30016	30017	7	4294967295	0	0	0	0	65534	1	59	3	7	6	1	0	3	979	1	0	0	0	0
982	Baking Mastery	3	3	4294967295	4294967295	30028	30029	7	4294967295	0	0	0	0	65534	1	59	3	7	6	1	0	3	982	1	0	0	0	0
985	Brewing Mastery	3	3	4294967295	4294967295	30040	30041	7	4294967295	0	0	0	0	65534	1	59	3	7	6	1	0	3	985	1	0	0	0	0
988	Fletching Mastery	3	3	4294967295	4294967295	30052	30053	7	4294967295	0	0	0	0	65534	1	59	3	7	6	1	0	3	988	1	0	0	0	0
991	Pottery Mastery	3	3	4294967295	4294967295	30064	30065	7	4294967295	0	0	0	0	65534	1	59	3	7	6	1	0	3	991	1	0	0	0	0
994	Tailoring Mastery	3	3	4294967295	4294967295	30076	30077	7	4294967295	0	0	0	0	65534	1	59	3	7	6	1	0	3	994	1	0	0	0	0
997	Salvage	5	3	4294967295	4294967295	30088	30089	7	4294967295	0	0	0	0	65534	1	60	0	7	6	1	0	3	997	1	0	0	0	5
1000	Origin	7	1	30102	4294967295	30100	30101	7	5824	0	0	20	4320	65534	1	67	0	8	4294967295	1	0	1	1000	1	0	0	0	0
1001	Chaotic Potential	5	5	4294967295	4294967295	30104	30105	7	4294967295	418	5	0	0	65534	1	66	0	8	4294967295	1	0	20	418	1	0	5	4678	1
1006	Discordant Defiance	5	5	4294967295	4294967295	30124	30125	7	4294967295	0	0	0	0	65534	1	66	0	8	4294967295	1	0	10	1006	1	0	0	7516	0
1021	Mystical Attuning	5	5	4294967295	4294967295	30144	30145	7	4294967295	0	0	0	0	65534	1	51	0	8	4294967295	1	0	12	1021	1	0	0	6521	0
1026	Delay Death	3	5	4294967295	4294967295	30164	30165	7	4294967295	0	0	0	0	65534	1	66	0	8	4294967295	1	0	25	1026	1	0	0	1389	0
1031	Healthy Aura	3	5	4294967295	4294967295	30184	30185	7	4294967295	674	2	0	0	65534	1	66	0	8	4294967295	1	0	8	110	1	0	3	0	0
1041	Veteran's Wrath	3	3	4294967295	4294967295	30224	30225	7	4294967295	443	3	0	0	33192	0	67	3	8	4294967295	2	0	3	1041	1	0	0	0	0
1053	Deathblow	3	3	4294967295	4294967295	30272	30273	7	4294967295	440	3	0	0	33722	1	66	0	8	4294967295	2	0	21	119	1	0	6	4721	0
1061	Reflexive Mastery	5	5	4294967295	4294967295	30304	30305	7	4294967295	449	5	0	0	65534	1	66	0	8	4294967295	1	0	33	125	1	0	8	1394	1
1066	Defensive Instincts	5	5	4294967295	4294967295	30324	30325	7	4294967295	454	5	0	0	65534	1	66	0	8	4294967295	1	0	33	122	1	0	8	1399	1
1071	Mnemonic Retention	3	1	4294967295	4294967295	30344	30345	7	4294967295	0	0	0	0	64892	0	55	0	8	4294967295	2	0	1	1071	1	0	0	0	0
1072	Expansive Mind	5	5	4294967295	4294967295	30348	30349	7	4294967295	0	0	0	0	64892	0	66	0	8	4294967295	2	0	5	1072	1	0	0	0	0
1083	Healing Adept Mastery	3	3	4294967295	4294967295	30392	30393	7	4294967295	434	3	0	0	33884	0	66	3	8	4294967295	2	0	12	77	1	0	6	12449	0
1086	Healing Gift Mastery	3	3	4294967295	4294967295	30404	30405	7	4294967295	437	3	0	0	33884	0	66	3	8	4294967295	2	0	21	80	1	0	6	4779	0
1089	Arcane Tongues	3	3	4294967295	4294967295	30416	30417	7	4294967295	0	0	0	0	30720	0	66	3	8	4294967295	2	0	3	1089	1	0	0	0	0
1093	Slippery Attacks	3	5	4294967295	4294967295	30432	30433	7	4294967295	0	0	0	0	33682	0	66	0	8	4294967295	2	0	5	1093	1	0	0	0	0
1099	Improved Critical Affliction	3	3	4294967295	4294967295	30456	30457	7	4294967295	767	3	0	0	36192	0	67	3	8	4294967295	2	0	9	767	1	0	3	12423	0
1107	Fury of Magic	3	3	4294967295	4294967295	5738	5739	7	4294967295	92	3	0	0	33080	0	66	3	8	4294967295	2	0	3	1107	1	0	0	0	0
1119	Roar of Thunder	3	3	30538	30539	30536	30537	7	5841	0	0	8	900	32768	0	68	3	8	4294967295	2	0	3	1119	1	0	0	0	0
1122	Persistent Minion	7	1	4294967295	4294967295	30548	30549	7	4294967295	526	2	0	0	60448	0	67	0	8	4294967295	2	0	1	1122	1	0	0	0	0
1123	Perfection of Spirit	5	3	30554	30555	30552	30553	7	5854	291	1	5	900	32768	0	66	0	8	4294967295	2	0	3	1123	1	0	0	0	0
1126	Replenish Companion	3	3	30566	30567	30564	30565	7	5845	163	1	2	2160	43008	0	66	3	8	4294967295	2	0	3	1126	1	0	0	0	0
1129	Advanced Pet Discipline	5	2	4294967295	4294967295	30576	30577	7	4294967295	288	1	0	0	44064	0	67	2	8	4294967295	2	0	3	288	1	0	1	0	0
1181	Shielding Resistance	3	5	4294967295	4294967295	1181	1181	7	4294967295	0	0	0	0	33682	0	70	0	8	4294967295	2	0	5	1181	1	0	0	0	0
1210	Destructive Fury	3	3	4294967295	4294967295	30900	30901	7	4294967295	640	3	0	0	4096	0	66	3	8	4294967295	2	0	9	1210	1	0	0	4755	0
1229	Secondary Recall	7	1	30978	30979	30976	30977	7	6094	0	0	10	600	4160	0	66	0	8	4294967295	2	0	1	1229	1	0	0	0	0
1334	Mind Crash	3	3	31410	31411	31408	31409	7	5943	0	0	11	4320	4096	0	66	3	8	4294967295	2	0	3	1334	1	0	0	0	0
1337	Prolonged Destruction	5	3	31422	31423	31420	31421	7	5946	931	3	13	4320	4096	0	67	0	8	4294967295	2	0	3	1337	1	0	0	0	0
1340	Ro's Greater Familiar	12	1	31434	31435	31432	31433	7	5950	921	1	8	60	4096	0	69	0	8	4294967295	2	0	1	921	1	0	0	0	0
1341	E'ci's Greater Familiar	12	1	31438	31439	31436	31437	7	5951	922	1	8	60	4096	0	69	0	8	4294967295	2	0	1	922	1	0	0	0	0
1342	Druzzil's Greater Familiar	12	1	31442	31443	31440	31441	7	5952	923	1	8	60	4096	0	69	0	8	4294967295	2	0	1	923	1	0	0	0	0
1343	Teleport Bind	9	1	31446	31447	31444	31445	7	5953	0	0	9	300	4096	0	69	0	8	4294967295	2	0	1	1343	1	0	0	0	0
1344	Devoted Familiar	12	1	31450	31451	31448	31449	7	5949	533	1	8	60	4096	0	70	0	8	4294967295	2	0	2	155	1	0	0	0	0
807	Strikethrough	3	3	4294967295	4294967295	807	807	6	4294967295	0	0	0	0	128	0	65	3	7	4294967295	2	0	3	807	1	0	0	0	0
810	Stonewall	5	5	2147483647	2147483647	2147483647	0	6	0	0	0	0	0	128	0	65	0	7	4294967295	2	0	5	810	1	0	0	0	0
815	Rapid Strikes	4	5	4294967295	4294967295	815	815	6	0	0	0	0	0	128	0	65	0	7	4294967295	3	0	5	815	1	0	0	0	0
820	Kick Mastery	3	3	4294967295	4294967295	820	820	6	4294967295	0	0	0	0	128	0	65	3	7	4294967295	3	0	3	820	1	0	0	0	0
823	Heightened Awareness	5	5	4294967295	4294967295	823	823	6	4294967295	0	0	0	0	128	0	65	0	7	4294967295	3	0	5	823	1	0	0	0	0
828	Destructive Force	3	3	2147483647	2147483647	2147483647	2147483647	6	5240	0	0	2	3600	128	0	65	3	7	4294967295	2	0	3	828	1	0	0	0	0
770	Fury of Magic Mastery	3	3	4294967295	4294967295	4294967295	4294967295	6	0	637	3	0	0	27716	0	65	3	7	4294967295	2	0	6	637	1	0	3	0	0
831	Swarm of Decay	3	3	2147483647	2147483647	2147483647	2147483647	6	0	0	0	10	1800	2048	0	65	3	7	4294967295	2	0	3	831	1	0	0	0	0
834	Deaths Fury	3	5	4294967295	4294967295	834	834	6	0	0	0	0	0	2080	0	65	0	7	4294967295	3	0	5	834	1	0	0	0	0
839	Quickening of Death	5	5	4294967295	4294967295	839	839	6	0	0	0	0	0	2048	0	65	0	7	4294967295	3	0	5	839	1	0	0	0	0
864	Precision of the Pathfinder	3	3	4294967295	4294967295	864	864	6	0	0	0	0	0	16	0	65	3	7	4294967295	3	0	6	864	1	0	0	0	0
867	Coat of Thistles	5	5	4294967295	4294967295	867	867	6	0	0	0	0	0	16	0	65	0	7	4294967295	2	0	5	867	1	0	0	0	0
872	Flaming Arrows	3	3	2147483647	2147483647	2147483647	2147483647	6	4802	0	0	5	180	16	0	65	3	7	4294967295	2	0	3	872	1	0	0	0	0
875	Frost Arrows	3	3	2147483647	2147483647	2147483647	2147483647	6	4805	0	0	5	180	16	0	65	3	7	4294967295	2	0	3	875	1	0	0	0	0
915	Strengthened Strike	3	3	4294967295	4294967295	915	915	6	4294967295	0	0	0	0	16	0	65	3	7	4294967295	3	0	3	915	1	0	0	0	0
683	Heightened Endurance	3	3	4294967295	4294967295	683	683	6	4294967295	0	0	0	0	642	1	61	3	7	4294967295	2	0	15	683	1	0	0	1036	0
846	Triple Backstab	3	3	4294967295	4294967295	846	846	6	4294967295	0	0	0	0	512	0	65	3	7	4294967295	3	0	6	846	1	0	0	1301	0
878	Seized Opportunity	3	3	4294967295	4294967295	878	878	6	4294967295	0	0	0	0	512	0	65	3	7	4294967295	3	0	6	878	1	0	0	1539	0
881	Trap Circumvention	3	5	2147483647	2147483647	2147483647	2147483647	6	0	0	0	0	0	512	0	65	0	7	4294967295	2	0	5	881	1	0	0	0	0
886	Improved Hasty Exit	5	2	2147483647	2147483647	2147483647	2147483647	6	0	498	3	0	0	512	0	65	0	7	4294967295	2	0	5	498	1	0	2	0	0
888	Virulent Venom	3	5	2147483647	2147483647	2147483647	2147483647	6	0	0	0	0	0	512	0	65	0	7	4294967295	2	0	5	888	1	0	0	0	0
893	Improved Consumption of the Soul	5	2	2147483647	2147483647	2147483647	2147483647	6	0	589	3	0	0	32	0	65	0	7	4294967295	2	0	5	589	1	0	3	0	0
849	Hastened Piety	3	3	2147483647	2147483647	2147483647	2147483647	6	0	534	3	0	0	8	0	65	3	7	4294967295	2	0	3	849	1	0	0	0	0
852	Immobilizing Bash	5	3	2147483647	2147483647	2147483647	2147483647	6	0	0	0	0	0	40	0	65	0	7	4294967295	2	0	3	852	1	0	0	0	0
855	Vicious Smash	5	5	4294967295	4294967295	855	855	6	4294967295	0	0	0	0	40	0	65	0	7	4294967295	3	0	5	855	1	0	0	0	0
860	Radiant Cure	3	3	2147483647	2147483647	2147483647	2147483647	6	3297	0	0	5	180	8	0	65	3	7	4294967295	2	0	3	860	1	0	0	0	0
863	Purification	12	1	2147483647	2147483647	2147483647	2147483647	6	5248	0	0	6	4320	8	0	65	0	7	4294967295	2	0	1	863	1	0	0	0	0
738	Spell Casting Subtlety	3	3	4294967295	4294967295	738	738	6	0	0	0	0	0	1092	0	65	3	7	4294967295	2	0	12	738	1	0	0	5317	0
754	Quickened Curing	3	3	2147483647	2147483647	2147483647	2147483647	6	0	459	3	0	0	1092	0	65	3	7	4294967295	2	0	3	754	1	0	0	0	0
900	Advanced Spirit Call	5	2	2147483647	2147483647	2147483647	2147483647	6	4826	528	3	5	720	1024	0	65	0	7	4294967295	2	0	2	900	1	0	0	0	0
907	Sturdiness	5	5	2147483647	2147483647	2147483647	2147483647	6	0	0	0	0	0	2	0	65	0	7	4294967295	2	0	5	907	1	0	0	0	0
918	Extended Shielding	3	3	2147483647	2147483647	2147483647	2147483647	6	0	0	0	0	0	2	0	65	3	7	4294967295	2	0	3	918	1	0	0	0	0
741	Touch of the Divine	5	5	4294967295	4294967295	741	741	6	0	0	0	0	0	4	0	65	0	7	4294967295	3	0	5	741	1	0	0	0	0
746	Divine Avatar	3	3	2147483647	2147483647	2147483647	2147483647	6	4549	0	0	10	2160	4	0	65	3	7	4294967295	2	0	3	746	1	0	0	0	0
749	Exquisite Benediction	5	5	2147483647	2147483647	2147483647	2147483647	6	4790	0	0	13	1800	4	0	65	0	7	4294967295	2	0	5	749	1	0	0	0	0
757	Natures Boon	5	5	2147483647	2147483647	2147483647	2147483647	6	4796	0	0	6	1800	64	0	65	0	7	4294967295	2	0	5	757	1	0	0	0	0
762	Advanced Tracking	4	5	2147483647	2147483647	2147483647	2147483647	6	0	0	0	0	0	64	0	65	0	7	4294967295	2	0	5	762	1	0	0	0	0
844	Advanced Theft of Life	5	2	4294967295	4294967295	31453	31454	6	4294967295	634	3	0	0	2080	0	65	0	7	4294967295	3	0	8	634	1	0	3	1319	0
1140	Dead Aim	3	3	4294967295	4294967295	1140	1140	5	4294967295	0	0	0	0	0	1	61	0	4	4294967295	3	0	3	1140	1	0	0	0	0
1149	Desperation	12	1	2147483647	2147483647	2147483647	2147483647	6	5853	0	0	5	1320	0	1	65	0	7	4294967295	3	0	1	1149	1	0	0	0	0
1150	Untamed Rage	3	3	1150	1150	1150	1150	6	5848	564	3	2	2160	0	1	65	3	7	4294967295	3	0	3	1150	1	0	0	0	0
1155	Echoing Cries	3	3	2147483647	2147483647	2147483647	2147483647	6	0	0	0	0	0	0	1	65	3	7	4294967295	3	0	3	1155	1	0	0	0	0
773	Doppelganger	3	3	2147483647	0	2147483647	2147483647	6	4552	643	1	5	1800	16384	0	65	3	7	4294967295	2	0	3	773	1	0	0	0	0
776	Enhanced Forgetfulness	3	5	2147483647	2147483647	2147483647	2147483647	6	0	0	0	0	0	16384	0	65	0	7	4294967295	2	0	5	776	1	0	0	0	0
781	Mesmerization Mastery	12	1	2147483647	2147483647	2147483647	2147483647	6	0	0	0	0	0	16384	0	65	0	7	4294967295	2	0	1	781	1	0	0	0	0
782	Quick Mass Group Buff	3	3	2147483647	2147483647	2147483647	2147483647	6	0	128	1	0	0	16384	0	65	3	7	4294967295	2	0	3	782	1	0	0	0	0
785	Shared Health	5	5	2147483647	2147483647	2147483647	2147483647	6	5235	0	0	8	900	8192	0	65	0	7	4294967295	2	0	5	785	1	0	0	0	0
790	Elemental Fury	3	5	4294967295	4294967295	790	790	6	0	0	0	0	0	8192	0	65	0	7	4294967295	3	0	5	790	1	0	0	0	0
795	Elemental Alacrity	5	5	4294967295	4294967295	795	795	6	0	0	0	0	0	8192	0	65	0	7	4294967295	3	0	5	795	1	0	0	0	0
800	Elemental Agility	3	3	4294967295	4294967295	800	800	6	0	0	0	0	0	8192	0	65	3	7	4294967295	3	0	3	800	1	0	0	0	0
803	Elemental Durability	3	3	4294967295	4294967295	803	803	6	0	0	0	0	0	8192	0	65	3	7	4294967295	3	0	3	803	1	0	0	0	0
695	Tune of Pursuance	4	5	2147483647	2147483647	2147483647	2147483647	6	0	0	0	0	0	256	0	65	0	7	4294967295	2	0	5	695	1	0	0	0	0
700	Improved Instrument Mastery	9	1	4294967295	4294967295	2147483647	2147483647	6	0	213	3	0	0	256	0	61	0	7	4294967295	3	0	4	213	1	0	3	0	0
701	Improved Singing Mastery	9	1	4294967295	4294967295	2147483647	2147483647	6	0	275	3	0	0	256	0	61	0	7	4294967295	3	0	4	275	1	0	3	0	0
702	Exultant Bellowing	3	5	2147483647	2147483647	2147483647	2147483647	6	4842	592	1	2	18	256	0	65	0	7	4294967295	2	0	5	702	1	0	0	0	0
707	Echo of Taelosia	5	3	2147483647	2147483647	2147483647	2147483647	6	0	571	3	0	0	256	0	65	0	7	4294967295	2	0	3	707	1	0	0	0	0
710	Internal Metronome	5	5	4294967295	4294967295	710	710	6	0	96	3	0	0	256	0	65	0	7	4294967295	2	0	5	710	1	0	0	0	0
1319	Soul Thief	5	3	4294967295	4294967295	31457	31458	7	4294967295	844	2	0	0	2080	0	68	0	8	4294967295	3	0	8	634	1	0	5	0	0
209	Death Peace	5	1	13738	13739	13736	13737	7	4294967295	0	0	12	5	2080	0	65	0	3	4294967295	2	0	1	209	1	0	0	0	0
1134	Blur of Axes	3	3	4294967295	4294967295	1134	1134	5	4294967295	0	0	0	0	0	1	61	1	4	4294967295	3	0	8	1134	1	0	0	1158	0
1158	Vicious Frenzy	4	5	4294967295	4294967295	1158	1158	7	4294967295	1134	3	0	0	0	1	67	0	8	4294967295	3	0	8	1134	1	0	3	0	0
1373	Chaotic Jester	0	1	1373	1373	1373	1373	8	6882	0	0	25	72000	65534	1	1	0	8	5	4	0	1	1373	1	0	0	0	0
1371	Lesson of the Devoted	0	1	1371	1371	1371	1371	8	6880	0	0	23	72000	65534	1	1	0	8	5	4	0	1	1371	1	0	0	0	0
1372	Infusion of the Faithful	0	1	1372	1372	1372	1372	8	6881	0	0	24	72000	65534	1	1	0	8	5	4	0	1	1372	1	0	0	0	0
1374	Expedient Recovery	0	1	1374	1374	1374	1374	8	6883	0	0	26	590400	65534	1	1	0	8	5	4	0	1	1374	1	0	0	0	0
1376	Staunch Recovery	0	1	1376	1376	1376	1376	8	6885	0	0	28	259200	65534	1	1	0	8	5	4	0	1	1376	1	0	0	0	0
1375	Steadfast Servant	0	1	1375	1375	1375	1375	8	6884	0	0	27	72000	65534	1	1	0	8	5	4	0	1	1375	1	0	0	0	0
1377	Intensity of the Resolute	0	1	1377	1377	1377	1377	8	6886	0	0	29	14400	65534	1	1	0	8	5	4	0	1	1377	1	0	0	0	0
1287	Shield Block	3	3	4294967295	4294967295	1287	1287	7	0	0	0	0	0	42	0	67	3	8	4294967295	2	3	9	1287	1	0	0	5516	0
7800	Harm Touch	0	17	7800	7800	7800	7800	3	13531	0	0	39	4320	32	0	1	1	0	9	3	0	17	7800	4	0	0	0	0
7850	Lay on Hands	0	17	7850	7850	7850	7850	3	13546	0	0	39	4320	8	0	1	1	0	9	3	0	17	7850	4	0	0	0	0
1131	Throwing Mastery	3	3	4294967295	4294967295	1131	1131	5	4294967295	0	0	0	0	0	1	61	3	3	4294967295	3	0	3	1131	1	0	0	0	0
1146	Tireless Sprint	3	3	2147483647	2147483647	2147483647	2147483647	5	0	0	0	0	0	0	1	61	3	3	4294967295	3	0	3	1146	1	0	0	0	0
1137	Hastened War Cry	3	3	2147483647	2147483647	2147483647	2147483647	5	0	0	0	0	0	0	1	61	3	3	4294967295	3	0	3	1137	1	0	0	0	0
1435	Gift of Mana	3	3	4294967295	4294967295	1435	1435	7	0	83	3	0	0	31812	0	66	3	10	4294967295	2	3	3	1435	1	0	0	0	0
1486	Abundant Healing	5	5	4294967295	4294967295	1486	1486	7	0	1086	3	0	0	1092	0	66	0	10	4294967295	2	0	15	1486	1	0	0	5529	0
1478	Pyromancy	3	3	1478	4294967295	1478	1478	7	8406	0	0	99	1	4096	0	66	0	10	4294967295	3	0	3	1478	2	0	0	0	0
1378	Curse of Blood	0	1	4294967295	4294967295	1378	1378	8	0	0	0	0	0	65534	1	0	0	10	2	4	0	1	1378	1	0	0	0	0
1379	Affliction of Blood	0	1	4294967295	4294967295	1379	1379	8	0	1378	1	0	0	65534	1	0	0	10	2	4	0	1	1379	1	0	0	0	0
1380	Torment of Blood	0	1	4294967295	4294967295	1380	1380	8	0	1379	1	0	0	65534	1	0	0	10	2	4	0	1	1380	1	0	0	0	0
1381	Temptation of Blood	0	1	4294967295	4294967295	1381	1381	8	0	1380	1	0	0	65534	1	0	0	10	2	4	0	1	1381	1	0	0	0	0
1382	Invitation of Blood	0	1	4294967295	4294967295	1382	1382	8	0	1381	1	0	0	65534	1	0	0	10	2	4	0	1	1382	1	0	0	0	0
1011	Trials of Mata Muram	0	6	4294967295	4294967295	1011	1011	7	0	0	0	0	0	65534	1	0	0	0	1	4	0	6	1011	1	0	0	0	0
1361	Gift of the Dark Reign	0	1	4294967295	4294967295	1361	1361	8	0	0	0	0	0	65534	1	0	0	0	2	4	0	1	1361	1	0	0	0	0
1362	Tenacity of the Dark Reign	0	1	4294967295	4294967295	1362	1362	8	0	1361	1	0	0	65534	1	0	0	0	2	4	0	1	1362	1	0	0	0	0
1363	Embrace of the Dark Reign	0	1	4294967295	4294967295	1363	1363	8	0	1362	1	0	0	65534	1	0	0	0	2	4	0	1	1363	1	0	0	0	0
1364	Power of the Dark Reign	0	1	4294967295	4294967295	1364	1364	8	0	1363	1	0	0	65534	1	0	0	0	2	4	0	1	1364	1	0	0	0	0
1365	Fervor of the Dark Reign	0	1	4294967295	4294967295	1365	1365	8	0	1364	1	0	0	65534	1	0	0	0	2	4	0	1	1365	1	0	0	0	0
1366	Gift of the Keepers	0	1	4294967295	4294967295	1366	1366	8	0	0	0	0	0	65534	1	0	0	0	2	4	0	1	1366	1	0	0	0	0
1367	Valor of the Keepers	0	1	4294967295	4294967295	1367	1367	8	0	1366	1	0	0	65534	1	0	0	0	2	4	0	1	1367	1	0	0	0	0
1368	Embrace of the Keepers	0	1	4294967295	4294967295	1368	1368	8	0	1367	1	0	0	65534	1	0	0	0	2	4	0	1	1368	1	0	0	0	0
1369	Power of the Keepers	0	1	4294967295	4294967295	1369	1369	8	0	1368	1	0	0	65534	1	0	0	0	2	4	0	1	1369	1	0	0	0	0
1370	Sanctity of the Keepers	0	1	4294967295	4294967295	1370	1370	8	0	1369	1	0	0	65534	1	0	0	0	2	4	0	1	1370	1	0	0	0	0
5150	Breath of Atathus	0	15	5150	5150	5150	5150	10	11112	0	0	80	300	65534	1	0	0	523	8	4	0	15	5150	4	0	0	0	0
5165	Breath of Draton'ra	0	15	5165	5165	5165	5165	10	11127	0	0	80	300	65534	1	0	0	524	8	4	0	15	5165	4	0	0	0	0
5180	Breath of Osh'vir	0	15	5180	5180	5180	5180	10	11142	0	0	80	300	65534	1	0	0	525	8	4	0	15	5180	4	0	0	0	0
5195	Breath of Venesh	0	15	5195	5195	5195	5195	10	11157	0	0	80	300	65534	1	0	0	526	8	4	0	15	5195	4	0	0	0	0
5210	Breath of Mysaphar	0	15	5210	5210	5210	5210	10	11172	0	0	80	300	65534	1	0	0	527	8	4	0	15	5210	4	0	0	0	0
5225	Breath of Keikolin	0	15	5225	5225	5225	5225	10	11187	0	0	80	300	65534	1	0	0	528	8	4	0	15	5225	4	0	0	0	0
1647	Harmonic Dissonance	0	1	1647	1647	1647	1647	10	8771	0	0	81	30	65534	1	0	0	0	2	4	0	1	1647	4	0	0	0	0
4702	Glyph of Dragon Scales	3	1	4702	4702	4702	4702	4	9475	0	0	98	600	65534	1	71	0	12	7	4	0	1	4702	4	0	0	0	0
4703	Glyph of Angry Thoughts	4	1	52004	52004	52004	52004	4	12752	0	0	97	600	65534	1	76	0	14	7	4	0	1	52004	4	0	0	0	0
4704	Glyph of Arcane Secrets	3	1	4704	4704	4704	4704	4	9477	0	0	96	600	65534	1	71	0	12	7	4	0	1	4704	4	0	0	0	0
4705	Glyph of Draconic Potential	3	1	4705	4705	4705	4705	4	9478	0	0	95	600	65534	1	71	0	12	7	4	0	1	4705	4	0	0	0	0
4706	Glyph of Destruction	3	1	4706	4706	4706	4706	4	9479	0	0	94	600	65534	1	71	0	12	7	4	0	1	4706	4	0	0	0	0
4707	Glyph of Courage	4	1	52000	52000	52000	52000	4	12748	0	0	93	600	65534	1	76	0	14	7	4	0	1	52000	4	0	0	0	0
4708	Glyph of Frantic Infusion	4	1	52003	52003	52003	52003	4	12751	0	0	92	600	65534	1	76	0	14	7	4	0	1	52003	4	0	0	0	0
4709	Glyph of Stored Life	4	1	52002	52002	52002	52002	4	12750	0	0	91	600	65534	1	76	0	14	7	4	0	1	52002	4	0	0	0	0
4710	Glyph of Recovery	4	1	52001	52001	52001	52001	4	12749	0	0	90	600	65534	1	76	0	14	7	4	0	1	52001	4	0	0	0	0
4665	Throne of Heroes	0	1	4665	4665	4665	4665	8	9177	0	0	30	4320	65534	1	1	0	8	4294967295	4	0	1	4665	4	0	0	0	0
1597	Call of Challenge	9	1	1597	1597	1597	1597	7	8271	0	0	6	10	2	0	70	0	10	4294967295	3	0	1	1597	1	0	0	0	0
912	Warlord's Tenacity	3	3	912	912	912	912	6	4925	0	0	4	3600	2	0	65	3	7	4294967295	3	0	6	912	1	0	0	0	0
1583	Hastened Defiance	5	1	4294967295	4294967295	1583	1583	7	4294967295	912	3	0	0	2	0	70	0	10	4294967295	3	0	1	1583	1	0	0	0	0
1586	Dauntless Perseverance	12	1	4294967295	4294967295	1586	1586	7	4294967295	222	3	0	0	2	0	70	0	10	4294967295	3	0	1	1586	1	0	0	0	0
1611	Field Dressing	3	5	4294967295	4294967295	1611	1611	7	4294967295	537	2	0	0	2	1	66	0	10	4294967295	3	0	5	1417	1	0	0	0	0
5136	Combat Medic	3	5	4294967295	4294967295	4688	4688	3	4294967295	1611	5	0	0	2	1	71	0	12	4294967295	3	0	5	4688	4	0	0	0	1
1587	Concentration	3	3	4294967295	4294967295	1587	1587	7	4294967295	0	0	0	0	642	1	66	0	10	4294967295	2	0	3	1587	1	0	0	0	0
1621	Relentless Assault	7	3	4294967295	4294967295	1621	1621	7	4294967295	564	3	0	0	658	1	70	0	10	4294967295	2	0	6	564	1	0	3	0	0
1330	Resolute Defiance	3	3	912	912	1330	1330	7	4925	912	3	4	3600	2	0	70	3	8	4294967295	3	0	6	912	1	0	0	0	0
1536	Wicked Blade	3	3	4294967295	4294967295	1536	1536	7	4294967295	599	3	0	0	146	1	70	0	10	4294967295	2	0	12	599	1	0	3	5534	0
1388	Innate See Invis	9	1	4294967295	4294967295	1388	1388	7	0	0	0	0	0	65534	1	70	0	10	4294967295	1	0	1	1388	1	0	0	0	0
1627	Selo's Enduring Cadence	3	3	4294967295	4294967295	1627	1627	7	4294967295	672	2	0	0	256	0	66	0	10	4294967295	3	0	3	1627	1	0	0	0	0
1301	Flurry of Knives	3	3	4294967295	4294967295	1301	1301	7	4294967295	846	3	0	0	512	0	66	3	8	4294967295	3	0	6	846	1	0	3	0	0
1539	Forced Opening	3	3	4294967295	4294967295	1539	1539	7	4294967295	878	3	0	0	512	0	70	0	10	4294967295	3	0	6	878	1	0	3	0	0
1624	Knight's Expertise	7	3	4294967295	4294967295	1624	1624	7	4294967295	561	3	0	0	40	0	70	0	10	4294967295	3	0	6	561	1	0	3	0	0
1050	Veteran's Wrath	3	3	4294967295	4294967295	1050	1050	7	4294967295	443	3	0	0	2	1	67	3	8	4294967295	2	0	3	1050	1	0	0	0	0
1044	Veteran's Wrath	3	3	4294967295	4294967295	1044	1044	7	4294967295	443	3	0	0	512	0	67	3	8	4294967295	2	0	3	1044	1	0	0	0	0
1047	Veteran's Wrath	3	3	4294967295	4294967295	1047	1047	7	4294967295	443	3	0	0	16	0	67	3	8	4294967295	2	0	3	1047	1	0	0	0	0
1524	Vanquish Undead	7	3	4294967295	4294967295	1524	1524	10	4294967295	190	3	0	0	8	0	70	0	10	4294967295	3	0	6	190	1	0	3	0	0
8201	Companion's Fury	7	3	4294967295	4294967295	8201	8201	6	4294967295	0	0	0	0	60448	0	81	0	15	4294967295	2	0	3	8201	5	0	0	0	2
1327	Ancestral Aid	5	3	1327	1327	1327	1327	7	5933	0	0	2	900	1024	0	67	0	8	4294967295	3	0	3	1327	1	0	0	0	0
1323	Spiritual Channeling	12	1	1323	1323	1323	1323	1	5932	146	1	0	2160	1024	0	70	0	8	4294967295	3	0	1	1323	1	0	0	0	0
1394	Precognition	5	5	4294967295	4294967295	1394	1394	7	4294967295	1061	5	0	0	65534	1	70	0	10	4294967295	1	0	33	125	1	0	13	5519	0
5519	Combat Agility V	6	5	4294967295	4294967295	125	125	7	4294967295	1394	5	0	0	65534	1	76	1	14	4294967295	1	0	33	125	4	0	18	7501	1
1290	Scout's Efficiency	3	3	4294967295	4294967295	5519	1290	7	4294967295	864	3	0	0	16	0	70	3	8	4294967295	3	0	6	864	1	0	3	0	0
1399	Thick Skin	5	5	4294967295	4294967295	1399	1399	7	4294967295	1066	5	0	0	65534	1	70	0	10	4294967295	1	0	33	122	1	0	13	5524	0
5524	Combat Stability V	6	5	4294967295	4294967295	122	122	7	4294967295	1399	5	0	0	65534	1	76	1	14	4294967295	1	0	33	122	4	0	18	7506	1
6287	Warlord's Return Kick	6	3	4294967295	4294967295	6566	6566	3	4294967295	0	0	0	0	2	0	73	0	14	4294967295	3	0	3	6566	4	0	0	0	0
7106	Beastlords Feral Kick	6	3	4294967295	4294967295	7106	7106	3	4294967295	0	0	0	0	32768	0	73	0	14	4294967295	3	0	3	7106	4	0	0	0	0
6269	Hunter's Return Kick	6	3	4294967295	4294967295	6558	6558	3	4294967295	0	0	0	0	16	0	73	0	14	4294967295	3	0	3	6558	4	0	0	0	0
6266	Knight's Return Strike	6	3	4294967295	4294967295	6557	6557	3	4294967295	0	0	0	0	40	0	73	0	14	4294967295	3	0	3	6557	4	0	0	0	0
1166	Frenzied Defense	3	3	4294967295	4294967295	1143	1143	6	4294967295	0	0	0	0	0	1	65	0	7	4294967295	3	0	3	1143	4	0	0	0	0
6275	Knave's Return Strike	6	3	4294967295	4294967295	6560	6560	3	4294967295	0	0	0	0	512	0	73	0	14	4294967295	3	0	3	6560	4	0	0	0	0
1163	Crazed Onslaught	5	3	4294967295	4294967295	116	116	7	4294967295	542	3	0	0	2	1	67	0	8	4294967295	3	0	12	255	1	0	6	4795	0
4795	Flurry IV	5	3	4294967295	4294967295	255	255	7	4294967295	1163	3	0	0	2	1	71	0	12	4294967295	3	0	12	255	4	0	9	0	2
1616	Lightning Strikes	5	3	4294967295	4294967295	13785	13786	7	4294967295	0	0	0	0	16	1	66	3	10	4294967295	3	0	3	1616	1	0	0	0	0
5061	Petrified Roots 	5	1	4294967295	4294967295	567	567	7	4294967295	567	1	0	0	64	0	71	0	14	4294967295	3	0	2	567	4	0	1	0	0
8263	Earthen Brawn	5	5	4294967295	4294967295	8263	8263	1	4294967295	7357	5	0	0	65534	1	81	0	16	4294967295	1	0	5	8263	6	0	0	0	0
8268	Earthen Stability	5	5	4294967295	4294967295	8268	8268	1	4294967295	7357	5	0	0	65534	1	81	0	16	4294967295	1	0	5	8268	6	0	0	0	0
8273	Earthen Alacrity	5	5	4294967295	4294967295	8273	8273	1	4294967295	7357	5	0	0	65534	1	81	0	16	4294967295	1	0	5	8273	6	0	0	0	0
8278	Earthen Artistry	5	5	4294967295	4294967295	8278	8278	1	4294967295	7357	5	0	0	65534	1	81	0	16	4294967295	1	0	5	8278	6	0	0	0	0
8283	Earthen Sagacity	5	5	4294967295	4294967295	8283	8283	1	4294967295	7357	5	0	0	65534	1	81	0	16	4294967295	1	0	5	8283	6	0	0	0	0
8288	Earthen Brilliance	5	5	4294967295	4294967295	8288	8288	1	4294967295	7357	5	0	0	65534	1	81	0	16	4294967295	1	0	5	8288	6	0	0	0	0
8293	Earthen Allure	5	5	4294967295	4294967295	8293	8293	1	4294967295	7357	5	0	0	65534	1	81	0	16	4294967295	1	0	5	8293	6	0	0	0	0
4678	Planar Power III	5	5	4294967295	4294967295	418	418	4	4294967295	1001	5	0	0	65534	1	71	0	12	4294967295	1	0	20	418	4	0	10	7547	1
7547	Planar Power IV	5	5	4294967295	4294967295	418	418	4	4294967295	4678	5	0	0	65534	1	81	0	15	4294967295	1	0	20	418	5	0	15	0	1
12423	Critical Affliction III	9	3	4294967295	4294967295	767	767	7	4294967295	1099	3	0	0	36192	0	81	3	16	4294967295	2	0	9	767	6	0	6	0	0
7647	Persistent Casting II	6	3	4294967295	4294967295	692	692	6	4294967295	692	3	0	0	64892	0	81	0	15	4294967295	2	0	9	692	5	0	3	7670	2
7670	Persistent Casting III	7	3	4294967295	4294967295	692	692	6	4294967295	7647	3	0	0	64892	0	85	2	16	4294967295	2	0	9	692	6	0	6	0	0
8224	Cascade of Life	5	3	4294967295	4294967295	8224	8224	7	4294967295	1486	5	0	0	1092	0	75	0	15	4294967295	2	0	3	8224	5	0	0	0	5
5529	Abundant Healing II	7	5	4294967295	4294967295	1486	1486	7	0	1486	5	0	0	1092	0	76	2	14	4294967295	2	0	15	1486	4	0	5	7554	1
7554	Abundant Healing III	7	5	4294967295	4294967295	1486	1486	7	0	5529	5	0	0	1092	0	81	2	15	4294967295	2	0	15	1486	5	0	10	0	1
4755	Destructive Fury II	6	3	4294967295	4294967295	1210	1210	7	4294967295	1210	3	0	0	4096	0	71	1	12	4294967295	2	0	9	1210	4	0	3	0	2
5557	Enhanced Aggression III	5	5	4294967295	4294967295	1592	8232	7	4294967295	4725	5	0	0	33722	1	76	0	14	4294967295	2	0	25	1592	4	0	10	7568	1
7582	Destructive Fury IV	8	3	4294967295	4294967295	1210	1210	7	4294967295	5557	3	0	0	27716	0	81	2	15	4294967295	2	0	9	1210	5	0	9	0	2
4779	Healing Gift IV	6	3	4294967295	4294967295	30404	30405	7	4294967295	1086	3	0	0	33884	0	71	1	12	4294967295	2	0	21	80	4	0	9	5592	2
5592	Healing Gift V	7	3	4294967295	4294967295	30404	30405	7	4294967295	4779	3	0	0	33884	0	76	2	14	4294967295	2	0	21	80	4	0	12	7590	2
7590	Healing Gift VI	7	3	4294967295	4294967295	30404	30405	7	4294967295	5592	3	0	0	33884	0	81	2	15	4294967295	2	0	21	80	5	0	15	12454	2
12454	Healing Gift VII	12	3	4294967295	4294967295	30404	30405	7	4294967295	7590	0	0	0	33884	0	85	2	16	4294967295	2	0	21	80	6	0	18	0	0
4773	Gift of Radiant Mana	9	1	4294967295	4294967295	4773	4773	7	0	1435	3	0	0	31812	0	71	0	12	4294967295	2	0	1	4773	4	0	0	0	0
6517	Gift of Exquisite Radiant Mana	9	1	4294967295	4294967295	4773	4773	7	0	4773	1	0	0	31812	0	76	0	14	4294967295	2	0	1	6517	4	0	0	0	0
7621	Gift of Amazing Exquisite Radiant Mana	9	1	4294967295	4294967295	4773	4773	7	0	6517	1	0	0	31812	0	81	0	15	4294967295	2	0	1	6517	5	0	0	0	0
8235	Armor of Wisdom	6	5	4294967295	4294967295	8235	8235	7	4294967295	0	0	0	0	2	0	81	0	15	4294967295	2	0	10	8235	5	0	0	8305	1
8305	Armor of Wisdom II	6	5	4294967295	4294967295	8235	8235	7	4294967295	0	0	0	0	2	0	85	0	16	4294967295	2	0	10	8235	6	0	5	0	0
4721	Finishing Blow IV	3	3	4294967295	4294967295	119	119	7	4294967295	1053	3	0	0	33722	1	71	0	12	4294967295	2	0	21	119	4	0	9	5554	2
5554	Finishing Blow V	7	3	4294967295	4294967295	119	119	7	4294967295	4721	3	0	0	33722	1	76	2	14	4294967295	2	0	21	119	4	0	12	7565	2
7565	Finishing Blow VI	7	3	4294967295	4294967295	119	119	7	4294967295	5554	3	0	0	33722	1	81	2	15	4294967295	2	0	21	119	4	0	15	6023	2
6023	Finishing Blow VII	12	3	4294967295	4294967295	119	119	7	4294967295	7565	3	0	0	33722	1	85	0	16	4294967295	2	0	21	119	6	0	18	0	0
4739	Killing Spree	3	3	4294967295	4294967295	4739	4739	7	4294967295	0	0	0	0	642	1	71	3	12	4294967295	2	0	9	4739	4	0	0	5562	2
5562	Killing Spree II	7	3	4294967295	4294967295	4739	4739	7	4294967295	4739	3	0	0	642	1	76	2	14	4294967295	2	0	9	4739	4	0	3	7573	2
7573	Killing Spree III	7	3	4294967295	4294967295	4739	4739	7	4294967295	5562	3	0	0	642	1	76	2	15	4294967295	2	0	9	4739	5	0	6	0	0
8198	Empowered Ingenuity	4	3	4294967295	4294967295	8198	8198	7	4294967295	625	3	0	0	642	1	65	0	15	4294967295	2	0	3	8198	5	0	0	0	0
4733	Ingenuity II	3	3	4294967295	4294967295	4733	4733	5	4294967295	625	3	0	0	642	1	71	0	12	4294967295	2	0	9	625	4	0	3	7641	2
7641	Ingenuity III	3	3	4294967295	4294967295	4733	4733	5	4294967295	4733	3	0	0	642	1	76	0	15	4294967295	2	0	9	625	5	0	6	0	0
1592	Enhanced Aggression	5	5	4294967295	4294967295	1592	1592	7	4294967295	0	0	0	0	33722	1	70	0	10	4294967295	2	0	25	1592	1	0	0	4725	0
4725	Enhanced Aggression II	5	5	4294967295	4294967295	1592	1592	7	4294967295	1592	5	0	0	33722	1	71	0	12	4294967295	2	0	25	1592	4	0	5	5557	1
7568	Enhanced Aggression IV	5	5	4294967295	4294967295	1592	1592	7	4294967295	5557	5	0	0	33722	1	81	0	15	4294967295	2	0	25	1592	5	0	15	12439	1
12439	Enhanced Aggression V	5	5	4294967295	4294967295	1592	1592	7	4294967295	7568	5	0	0	33722	1	85	0	16	4294967295	2	0	25	1592	6	0	20	0	0
8232	Extended Ingenuity	4	3	4294967295	4294967295	8232	8232	7	4294967295	0	0	0	0	642	1	65	0	15	4294967295	2	0	4	8232	5	0	0	8261	0
8261	Extended Ingenuity	4	1	4294967295	4294967295	8232	8232	7	4294967295	8232	5	0	0	642	1	80	0	16	4294967295	2	0	4	8232	6	0	3	0	0
10367	Ageless Enmity	12	1	10367	10367	10367	10367	7	21751	0	0	30	360	2	0	85	0	16	4294967295	2	0	1	10367	6	0	0	0	0
5534	Punishing Blade III	8	3	4294967295	4294967295	599	599	7	4294967295	1536	3	0	0	146	1	76	2	14	4294967295	2	0	12	599	4	0	6	7659	2
7659	Punishing Blade IV	8	3	4294967295	4294967295	599	599	7	4294967295	5534	3	0	0	146	1	81	2	15	4294967295	2	0	12	599	5	0	9	0	2
8215	Hard Endurance	5	5	4294967295	4294967295	8215	8215	7	4294967295	0	0	0	0	642	1	65	0	15	4294967295	2	0	5	8215	5	0	0	0	5
1036	Fitness	5	3	4294967295	4294967295	1036	1036	7	4294967295	683	3	0	0	642	1	66	0	8	4294967295	2	0	15	683	1	0	3	5130	0
5130	Heightened Endurance III	5	5	4294967295	4294967295	683	683	7	4294967295	1036	3	0	0	642	1	71	0	12	4294967295	2	0	15	683	1	0	6	6080	1
6080	Heightened Endurance IV	5	2	4294967295	4294967295	683	683	7	4294967295	5130	5	0	0	642	1	75	0	14	4294967295	2	0	15	683	4	0	11	7604	0
7604	Heightened Endurance IV	5	2	4294967295	4294967295	683	683	7	4294967295	6080	2	0	0	642	1	80	0	15	4294967295	2	0	15	683	5	0	13	0	0
5516	Shield Block II	8	3	4294967295	4294967295	1287	1287	7	0	1287	3	0	0	42	0	76	1	14	4294967295	2	0	9	1287	4	0	3	12469	2
12469	Shield Block III	7	3	4294967295	4294967295	1287	1287	7	0	5516	3	0	0	42	0	81	2	16	4294967295	2	0	9	1287	6	0	6	0	0
5317	Spell Casting Subtlety II	4	3	4294967295	4294967295	738	738	6	0	738	3	0	0	1092	0	71	0	12	4294967295	2	0	12	738	4	0	3	5628	2
5628	Spell Casting Subtlety III	7	3	4294967295	4294967295	738	738	6	0	5317	3	0	0	1092	0	76	2	14	4294967295	2	0	12	738	4	0	6	7583	2
7583	Spell Casting Subtlety IV	7	3	4294967295	4294967295	738	738	6	0	5628	3	0	0	1092	0	81	2	15	4294967295	2	0	12	738	5	0	9	0	2
12449	Healing Adept IV	10	3	4294967295	4294967295	77	77	7	4294967295	1083	3	0	0	33884	0	81	1	16	4294967295	2	0	12	77	6	0	9	0	0
7501	Combat Agility VI	7	5	4294967295	4294967295	125	125	7	4294967295	5519	5	0	0	65534	1	81	1	15	4294967295	1	0	33	125	5	0	23	12396	1
12396	Combat Agility VII	8	5	4294967295	4294967295	125	125	7	4294967295	7501	5	0	0	65534	1	85	1	16	4294967295	1	0	33	125	6	0	28	0	0
7506	Combat Stability VI	7	5	4294967295	4294967295	122	122	7	4294967295	5524	5	0	0	65534	1	81	1	15	4294967295	1	0	33	122	5	0	23	12401	1
12401	Combat Stability VII	8	5	4294967295	4294967295	122	122	7	4294967295	7506	5	0	0	65534	1	85	1	16	4294967295	1	0	33	122	6	0	28	0	0
1389	Delay Death II	3	5	4294967295	4294967295	1206	1206	1	4294967295	1026	5	0	0	65534	1	70	0	10	4294967295	1	0	25	1026	1	0	5	4683	0
4683	Delay Death III	3	5	4294967295	4294967295	1206	1206	1	4294967295	1389	5	0	0	65534	1	71	0	12	4294967295	1	0	25	1026	4	0	10	6523	1
6523	Delay Death IV	3	5	4294967295	4294967295	1206	1206	1	4294967295	4683	5	0	0	65534	1	76	0	14	4294967295	1	0	25	1026	4	0	15	7511	1
7511	Delay Death V	3	5	4294967295	4294967295	1206	1206	1	4294967295	6523	5	0	0	65534	1	81	0	15	4294967295	1	0	25	1026	5	0	20	0	1
1056	Energetic Attunement	3	5	4294967295	4294967295	1206	1206	1	4294967295	0	0	0	0	65534	1	71	0	12	4294967295	1	0	15	1056	4	0	0	6431	1
6431	Energetic Attunement II	3	5	4294967295	4294967295	1643	1643	1	4294967295	1056	5	0	0	65534	1	76	0	14	4294967295	1	0	15	1056	4	0	5	7522	1
7522	Energetic Attunement III	3	5	4294967295	4294967295	1643	1643	1	4294967295	6431	5	0	0	65534	1	81	0	15	4294967295	1	0	15	1056	5	0	10	0	1
6119	General Sturdiness	6	5	4294967295	4294967295	6119	6119	1	4294967295	0	0	0	0	65534	1	76	0	14	4294967295	1	0	15	6119	4	0	0	7527	1
7527	General Sturdiness II	6	5	4294967295	4294967295	6119	6119	1	4294967295	6119	5	0	0	65534	1	81	0	15	4294967295	1	0	15	6119	5	0	5	12406	1
12406	General Sturdiness III	6	5	4294967295	4294967295	6119	6119	1	4294967295	7526	5	0	0	65534	1	81	0	16	4294967295	1	0	15	6119	6	0	10	0	0
7516	Discordant Defiance II	5	5	4294967295	4294967295	1006	1006	1	4294967295	1006	5	0	0	65534	1	71	0	15	4294967295	1	0	10	1006	5	0	5	0	0
6521	Mystical Attuning II	5	2	4294967295	4294967295	1021	1021	1	4294967295	1021	5	0	0	65534	1	75	0	14	4294967295	1	0	12	1021	4	0	5	7539	5
7539	Mystical Attuning III	5	5	4294967295	4294967295	1021	1021	1	4294967295	6521	2	0	0	65534	1	80	0	16	4294967295	1	0	12	1021	6	0	7	0	0
5045	Mystical Shielding	9	1	4294967295	4294967295	1057	1057	1	4294967295	0	0	0	0	65534	1	85	0	16	4294967295	1	0	1	1057	6	0	0	0	0
8228	Mental Fortitude	5	3	4294967295	4294967295	8828	8828	1	4294967295	0	0	0	0	65534	1	75	0	15	4294967295	1	0	3	8228	5	0	0	0	5
7050	Mastery of the Past II	5	3	4294967295	4294967295	735	735	5	4294967295	0	0	0	0	33884	0	67	0	8	4294967295	2	0	15	735	1	0	3	7053	0
7053	Mastery of the Past III	7	3	4294967295	4294967295	735	735	5	4294967295	7050	3	0	0	33884	0	71	0	12	4294967295	2	0	15	735	4	0	6	7063	2
7063	Mastery of the Past IV	8	3	4294967295	4294967295	735	735	5	4294967295	7053	3	0	0	33884	0	76	0	14	4294967295	2	0	15	735	4	0	9	7622	2
7622	Mastery of the Past V	8	3	4294967295	4294967295	735	735	5	4294967295	7063	3	0	0	33884	0	81	0	15	4294967295	2	0	15	735	5	0	12	0	2
895	Intense Hatred	5	5	4294967295	4294967295	895	895	3	4294967295	0	0	0	0	32	0	65	0	7	4294967295	3	0	5	895	1	0	0	0	0
1230	Nature's Bounty	1	3	4294967295	4294967295	1230	1230	7	0	0	0	0	0	80	0	51	1	8	4294967295	3	0	6	1230	1	0	0	5000	2
5000	Survivalist	2	3	4294967295	4294967295	5000	5000	7	4294967295	1230	3	0	0	80	0	71	0	12	4294967295	3	0	6	1230	1	0	3	0	2
1604	Anatomy	5	3	4294967295	4294967295	1604	1604	1	4294967295	0	0	0	0	512	0	60	1	10	4294967295	3	0	3	1604	1	0	0	0	0
1209	Sanctuary	12	1	1209	4294967295	1209	1209	3	5912	0	0	14	4320	4	0	70	0	8	4294967295	3	0	1	1209	1	0	0	0	0
4698	Quick Draw	5	1	4294967295	4294967295	4698	4698	1	4294967295	0	0	0	0	65534	1	51	0	12	4294967295	1	0	2	4698	4	0	0	6545	0
6545	Quick Draw II	5	1	4294967295	4294967295	4698	4698	1	4294967295	4698	1	0	0	65534	1	56	0	14	4294967295	1	0	2	4698	5	0	1	0	0
