1	701	200	2	1	3	-1	-1	1	\N
2	701	14	1	1	4	-1	-1	1	\N
3	701	201	1	1	1	-1	-1	1	\N
4	701	202	8	1	6	-1	-1	10	\N
5	701	11	8	1	14	-1	-1	8	\N
6	701	207	16	1	28	-1	-1	1	\N
7	701	216	1	2	15	-1	-1	1	\N
8	701	17	2	4	9	-1	-1	1	\N
9	701	560	1	5	13	-1	-1	1	\N
10	701	219	8	7	16	-1	-1	10	\N
11	701	12	2	10	19	-1	-1	2	\N
12	701	485	8	11	16	-1	-1	7	\N
13	701	16	1	14	28	-1	-1	1	\N
14	701	3575	8	15	34	-1	-1	6	\N
15	701	368	8	15	24	-1	-1	8	\N
16	701	123	1	16	30	-1	-1	1	\N
17	701	89	8	17	20	-1	-1	10	\N
18	701	2502	2	19	28	-1	-1	1	\N
19	701	15	2	20	29	-1	-1	2	\N
20	701	4088	8	20	39	-1	-1	6	\N
21	701	486	8	21	30	-1	-1	10	\N
22	701	18	8	25	34	-1	-1	9	\N
23	701	130	16	29	255	-1	-1	1	\N
24	701	2175	2	29	43	-1	-1	1	\N
25	701	329	1	29	43	-1	-1	1	\N
26	701	9	2	30	38	-1	-1	2	\N
27	701	124	1	31	45	-1	-1	1	\N
28	701	487	8	31	39	-1	-1	10	\N
29	701	3576	8	35	61	-1	-1	7	\N
30	701	19	8	35	39	-1	-1	8	\N
31	701	13	2	39	69	-1	-1	2	\N
32	701	3692	8	40	44	-1	-1	10	\N
33	701	4089	8	40	53	-1	-1	6	\N
34	701	1445	8	40	48	-1	-1	11	\N
35	701	1444	2	44	58	-1	-1	1	\N
36	701	672	1	44	53	-1	-1	1	\N
37	701	4053	8	45	59	-1	-1	10	\N
38	701	125	1	46	57	-1	-1	1	\N
39	701	2505	8	49	57	-1	-1	11	\N
40	701	1547	8	51	59	-1	-1	9	\N
41	701	1543	1	54	55	-1	-1	1	\N
42	701	4090	8	54	61	-1	-1	6	\N
43	701	2508	1	56	61	-1	-1	1	\N
44	701	1544	1	58	60	-1	-1	1	\N
45	701	2509	8	58	59	-1	-1	11	\N
46	701	1522	2	59	59	-1	-1	1	\N
47	701	1546	8	60	255	-1	-1	9	\N
48	701	2109	8	60	64	-1	-1	11	\N
49	701	2122	8	60	61	-1	-1	10	\N
50	701	2180	2	60	61	-1	-1	1	\N
51	701	3481	1	61	62	-1	-1	1	\N
52	701	3467	8	62	64	-1	-1	10	\N
53	701	3472	8	62	63	-1	-1	7	\N
54	701	3475	2	62	64	-1	-1	1	\N
55	701	3476	1	62	64	-1	-1	1	\N
56	701	4091	8	62	66	-1	-1	6	\N
57	701	3482	1	63	65	-1	-1	1	\N
58	701	4108	8	64	66	-1	-1	7	\N
59	701	3474	8	65	69	-1	-1	11	\N
60	701	3479	8	65	66	-1	-1	10	\N
61	701	4882	2	65	66	-1	-1	1	\N
62	701	4973	1	65	66	-1	-1	1	\N
63	701	5254	1	66	67	-1	-1	1	\N
64	701	5257	8	67	69	-1	-1	10	\N
65	701	5258	8	67	68	-1	-1	7	\N
66	701	5259	2	67	255	-1	-1	1	\N
67	701	5260	1	67	68	-1	-1	1	\N
68	701	5261	8	67	255	-1	-1	6	\N
69	701	5266	1	68	255	-1	-1	1	\N
70	701	5272	8	69	255	-1	-1	7	\N
71	701	8006	1	69	69	-1	-1	1	\N
72	701	5276	8	70	255	-1	-1	11	\N
73	701	5278	8	70	255	-1	-1	10	\N
74	701	5279	1	70	255	-1	-1	1	\N
75	701	6140	2	70	255	-1	-1	2	\N
76	702	288	8	1	5	-1	-1	1	\N
77	702	372	1	1	7	-1	-1	3	\N
78	702	378	8	2	9	-1	-1	2	\N
79	702	230	4	3	16	-1	-1	2	\N
80	702	376	1	4	4	-1	-1	3	\N
81	702	477	1	5	14	-1	-1	3	\N
82	702	246	8	6	14	-1	-1	1	\N
83	702	656	1	8	23	-1	-1	3	\N
84	702	381	8	9	60	-1	-1	4	\N
85	702	2551	8	10	30	-1	-1	2	\N
86	702	383	1	10	15	-1	-1	3	\N
87	702	48	512	11	33	-1	-1	1	\N
88	702	236	8	13	20	-1	-1	5	\N
89	702	309	8	15	22	-1	-1	1	\N
90	702	657	1	15	25	-1	-1	3	\N
91	702	38	1	16	36	-1	-1	3	\N
92	702	131	4	17	38	-1	-1	2	\N
93	702	22	1	17	17	-1	-1	3	\N
94	702	2552	1	18	27	-1	-1	3	\N
95	702	503	1	19	46	-1	-1	2	\N
96	702	108	8	20	41	-1	-1	6	\N
97	702	387	8	21	29	-1	-1	5	\N
98	702	65	8	23	32	-1	-1	1	\N
99	702	464	1	24	33	-1	-1	3	\N
100	702	2553	32	25	44	-1	-1	0	\N
101	702	465	1	26	42	-1	-1	3	\N
102	702	470	1	28	40	-1	-1	3	\N
103	702	393	8	30	39	-1	-1	5	\N
104	702	1419	8	31	48	-1	-1	2	\N
105	702	66	8	33	43	-1	-1	1	\N
106	702	49	512	34	52	-1	-1	1	\N
107	702	658	1	34	48	-1	-1	3	\N
108	702	466	1	37	57	-1	-1	3	\N
109	702	752	16	37	59	-1	-1	1	\N
110	702	132	4	39	47	-1	-1	2	\N
111	702	3811	8	40	57	-1	-1	3	\N
112	702	394	8	40	51	-1	-1	5	\N
113	702	23	1	41	46	-1	-1	3	\N
114	702	109	8	42	53	-1	-1	6	\N
115	702	659	1	43	59	-1	-1	3	\N
116	702	67	8	44	53	-1	-1	1	\N
117	702	2555	32	45	53	-1	-1	0	\N
118	702	612	1	47	50	-1	-1	2	\N
119	702	755	1	47	59	-1	-1	3	\N
120	702	133	4	48	50	-1	-1	2	\N
121	702	4067	8	49	56	-1	-1	2	\N
122	702	732	1	49	59	-1	-1	3	\N
123	702	1631	128	51	57	-1	-1	2	\N
124	702	1634	1	51	55	-1	-1	2	\N
125	702	1609	8	52	62	-1	-1	5	\N
126	702	1526	512	53	255	-1	-1	1	\N
127	702	1610	8	54	60	-1	-1	1	\N
128	702	2557	32	54	59	-1	-1	0	\N
129	702	3582	8	54	61	-1	-1	6	\N
130	702	1635	1	56	63	-1	-1	2	\N
131	702	4068	8	57	63	-1	-1	2	\N
132	702	1633	4	58	60	-1	-1	2	\N
133	702	1640	1	58	60	-1	-1	3	\N
134	702	2559	8	58	255	-1	-1	3	\N
135	702	2884	1	60	64	-1	-1	3	\N
136	702	2116	1	60	63	-1	-1	3	\N
137	702	2117	16	60	255	-1	-1	1	\N
138	702	2560	32	60	255	-1	-1	0	\N
139	702	2883	1	60	62	-1	-1	3	\N
140	702	3194	4	61	255	-1	-1	2	\N
141	702	3300	8	61	63	-1	-1	1	\N
142	702	3326	8	61	255	-1	-1	4	\N
143	702	3328	1	61	66	-1	-1	3	\N
144	702	3329	8	62	255	-1	-1	6	\N
145	702	3301	8	63	67	-1	-1	5	\N
146	702	3335	1	63	64	-1	-1	3	\N
147	702	3302	8	64	65	-1	-1	1	\N
148	702	4069	8	64	69	-1	-1	2	\N
149	702	4066	1	64	68	-1	-1	3	\N
150	702	3333	1	64	69	-1	-1	2	\N
151	702	4981	1	65	69	-1	-1	3	\N
152	702	3191	1	65	255	-1	-1	3	\N
153	702	5443	8	66	255	-1	-1	1	\N
154	702	5445	1	67	67	-1	-1	3	\N
155	702	5448	8	68	255	-1	-1	5	\N
156	702	5450	1	68	255	-1	-1	3	\N
157	702	5458	1	69	255	-1	-1	3	\N
158	702	5459	8	70	255	-1	-1	2	\N
159	702	8043	1	70	255	-1	-1	3	\N
160	702	5456	1	70	255	-1	-1	3	\N
161	703	288	8	1	7	-1	-1	1	\N
162	703	340	256	1	14	-1	-1	2	\N
163	703	341	64	1	2	-1	-1	3	\N
164	703	338	32	1	3	-1	-1	0	\N
165	703	346	8	3	15	-1	-1	3	\N
166	703	502	64	3	11	-1	-1	3	\N
167	703	344	128	4	10	-1	-1	1	\N
168	703	229	1	4	29	-1	45	6	\N
169	703	348	256	4	33	-1	-1	3	\N
170	703	491	32	4	7	-1	-1	0	\N
171	703	641	8	6	17	-1	-1	4	\N
172	703	359	8	7	19	-1	-1	5	\N
173	703	246	8	8	15	-1	-1	1	\N
174	703	351	32	8	11	-1	-1	0	\N
175	703	1509	256	9	28	-1	-1	3	\N
176	703	360	256	10	27	-1	-1	3	\N
177	703	2541	8	11	22	-1	-1	6	\N
178	703	355	128	11	26	-1	-1	1	\N
179	703	362	32	12	15	-1	-1	0	\N
180	703	445	64	12	19	-1	-1	3	\N
181	703	367	256	13	38	-1	-1	3	\N
182	703	236	8	14	21	-1	-1	2	\N
183	703	365	256	15	34	-1	-1	3	\N
184	703	309	8	16	20	-1	-1	1	\N
185	703	492	32	16	19	-1	-1	0	\N
186	703	2542	1	17	37	-1	-1	2	\N
187	703	642	8	18	30	-1	-1	4	\N
188	703	199	16	20	57	-1	-1	1	\N
189	703	440	32	20	23	-1	-1	0	\N
190	703	446	64	20	25	-1	-1	3	\N
191	703	204	1	21	31	-1	-1	5	\N
192	703	387	8	22	31	-1	-1	2	\N
193	703	449	8	23	34	-1	-1	6	\N
194	703	493	32	24	28	-1	-1	0	\N
195	703	524	64	26	38	-1	-1	3	\N
196	703	452	128	27	46	-1	-1	1	\N
197	703	451	256	28	46	-1	-1	3	\N
198	703	441	32	29	32	-1	-1	0	\N
199	703	454	256	29	44	-1	-1	3	\N
200	703	127	1	30	55	-1	45	6	\N
201	703	643	8	31	47	-1	-1	4	\N
202	703	1415	1	32	48	-1	-1	5	\N
203	703	393	8	32	42	-1	-1	2	\N
204	703	494	32	33	38	-1	-1	0	\N
205	703	435	256	34	49	-1	-1	3	\N
206	703	31	256	35	39	-1	-1	3	\N
207	703	661	8	35	54	-1	-1	6	\N
208	703	2544	1	38	255	-1	-1	2	\N
209	703	442	32	39	43	-1	-1	0	\N
210	703	525	64	39	47	-1	-1	3	\N
211	703	4096	256	39	53	-1	-1	3	\N
212	703	1508	256	40	51	-1	-1	3	\N
213	703	394	8	43	51	-1	-1	2	\N
214	703	495	32	44	47	-1	-1	0	\N
215	703	3702	256	45	48	-1	-1	3	\N
216	703	453	128	47	58	-1	-1	1	\N
217	703	6	256	47	57	-1	-1	3	\N
218	703	443	32	48	52	-1	-1	0	\N
219	703	447	64	48	53	-1	-1	3	\N
220	703	644	8	48	55	-1	-1	4	\N
221	703	3571	1	49	53	-1	-1	5	\N
222	703	456	256	49	56	-1	-1	3	\N
223	703	436	256	50	64	-1	-1	3	\N
224	703	1609	8	52	62	-1	-1	2	\N
225	703	32	256	52	55	-1	-1	3	\N
226	703	1621	32	53	55	-1	-1	0	\N
227	703	3572	1	54	59	-1	-1	5	\N
228	703	1613	64	54	58	-1	-1	3	\N
229	703	4097	256	54	62	-1	-1	3	\N
230	703	1414	8	55	61	-1	-1	6	\N
231	703	1527	1	56	56	-1	45	6	\N
232	703	1611	8	56	59	-1	-1	4	\N
233	703	1615	256	56	66	-1	-1	3	\N
234	703	1622	32	56	58	-1	-1	0	\N
235	703	1616	256	57	59	-1	-1	3	\N
236	703	6980	1	57	61	-1	-1	6	\N
237	703	1612	16	58	255	-1	-1	1	\N
238	703	1617	256	58	59	-1	-1	3	\N
239	703	1619	128	59	62	-1	-1	1	\N
240	703	1623	32	59	60	-1	-1	0	\N
241	703	1618	64	59	59	-1	-1	3	\N
242	703	1393	64	60	60	-1	-1	3	\N
243	703	2114	8	60	63	-1	-1	4	\N
244	703	2115	1	60	60	-1	-1	5	\N
245	703	2550	256	60	64	-1	-1	3	\N
246	703	2885	256	60	64	-1	-1	3	\N
247	703	3032	64	61	66	-1	-1	3	\N
248	703	3035	1	61	65	-1	-1	5	\N
249	703	3304	32	61	62	-1	-1	0	\N
250	703	3305	8	62	66	-1	-1	6	\N
251	703	6981	1	62	66	-1	-1	6	\N
252	703	3301	8	63	68	-1	-1	2	\N
253	703	3309	128	63	67	-1	-1	1	\N
254	703	3310	32	63	64	-1	-1	0	\N
255	703	4098	256	63	66	-1	-1	3	\N
256	703	3311	8	64	64	-1	-1	4	\N
257	703	3303	256	65	68	-1	-1	3	\N
258	703	3314	32	65	66	-1	-1	0	\N
259	703	4889	256	65	255	-1	-1	3	\N
260	703	4890	256	65	68	-1	-1	3	\N
261	703	4978	8	65	69	-1	-1	4	\N
262	703	5420	1	66	255	-1	-1	5	\N
263	703	5419	64	67	69	-1	-1	3	\N
264	703	5424	256	67	255	-1	-1	3	\N
265	703	5425	8	67	255	-1	-1	6	\N
266	703	5431	32	67	69	-1	-1	0	\N
267	703	5432	256	67	69	-1	-1	3	\N
268	703	6982	1	67	255	-1	-1	6	\N
269	703	5430	128	68	255	-1	-1	1	\N
270	703	5428	8	69	255	-1	-1	2	\N
271	703	5437	256	69	69	-1	-1	3	\N
272	703	7999	256	69	255	-1	-1	3	\N
273	703	5438	32	70	255	-1	-1	0	\N
274	703	5441	256	70	255	-1	-1	3	\N
275	703	6143	64	70	255	-1	-1	3	\N
276	703	7994	256	70	255	-1	-1	3	\N
277	703	5434	8	70	255	-1	-1	4	\N
278	704	288	8	1	4	-1	-1	1	\N
279	704	93	1	1	3	-1	-1	5	\N
280	704	315	32	2	5	-1	-1	0	\N
281	704	316	32	3	6	-1	-1	0	\N
282	704	317	32	4	7	-1	-1	0	\N
283	704	94	1	4	4	-1	-1	5	\N
284	704	58	32	5	8	-1	-1	0	\N
285	704	246	8	5	15	-1	-1	1	\N
286	704	322	1	5	14	-1	-1	5	\N
287	704	398	32	6	9	-1	-1	0	\N
288	704	399	32	7	10	-1	-1	0	\N
289	704	324	1	7	22	-1	-1	6	\N
290	704	332	8	7	18	-1	-1	2	\N
291	704	400	32	8	11	-1	-1	0	\N
292	704	397	32	9	12	-1	-1	0	\N
293	704	248	1	9	17	-1	-1	3	\N
294	704	402	32	10	13	-1	-1	0	\N
295	704	403	32	11	14	-1	-1	0	\N
296	704	327	8	11	28	-1	-1	3	\N
297	704	404	32	12	15	-1	-1	0	\N
298	704	333	8	12	24	-1	-1	4	\N
299	704	401	32	13	16	-1	-1	0	\N
300	704	336	32	14	17	-1	-1	0	\N
301	704	395	32	15	18	-1	-1	0	\N
302	704	334	1	15	17	-1	-1	5	\N
303	704	396	32	16	19	-1	-1	0	\N
304	704	309	8	16	23	-1	-1	1	\N
305	704	335	32	17	20	-1	-1	0	\N
306	704	497	32	18	21	-1	-1	0	\N
307	704	68	1	18	30	-1	-1	5	\N
308	704	663	1	18	24	-1	-1	3	\N
309	704	498	32	19	22	-1	-1	0	\N
310	704	411	8	19	27	-1	-1	2	\N
311	704	499	32	20	23	-1	-1	0	\N
312	704	496	32	21	24	-1	-1	0	\N
313	704	570	32	22	25	-1	-1	0	\N
314	704	571	32	23	26	-1	-1	0	\N
315	704	113	1	23	40	-1	-1	6	\N
316	704	572	32	24	27	-1	-1	0	\N
317	704	65	8	24	31	-1	-1	1	\N
318	704	569	32	25	28	-1	-1	0	\N
319	704	115	1	25	27	-1	-1	3	\N
320	704	81	8	25	40	-1	-1	4	\N
321	704	574	32	26	30	-1	-1	0	\N
322	704	575	32	27	31	-1	-1	0	\N
323	704	576	32	28	32	-1	-1	0	\N
324	704	479	8	28	37	-1	-1	2	\N
325	704	664	1	28	47	-1	-1	3	\N
326	704	106	8	28	46	-1	-1	3	\N
327	704	573	32	29	33	-1	-1	0	\N
328	704	1400	32	30	49	-1	-1	0	\N
329	704	621	32	31	35	-1	-1	0	\N
330	704	120	1	31	32	-1	-1	5	\N
331	704	622	32	32	36	-1	-1	0	\N
332	704	49	512	32	52	-1	-1	3	\N
333	704	66	8	32	42	-1	-1	1	\N
334	704	623	32	33	37	-1	-1	0	\N
335	704	69	1	33	46	-1	-1	5	\N
336	704	620	32	34	38	-1	-1	0	\N
337	704	625	32	36	40	-1	-1	0	\N
338	704	626	32	37	41	-1	-1	0	\N
339	704	627	32	38	42	-1	-1	0	\N
340	704	680	8	38	44	-1	-1	2	\N
341	704	624	32	39	43	-1	-1	0	\N
342	704	629	32	41	48	-1	-1	0	\N
343	704	114	1	41	56	-1	-1	6	\N
344	704	82	8	41	51	-1	-1	4	\N
345	704	630	32	42	46	-1	-1	0	\N
346	704	631	32	43	47	-1	-1	0	\N
347	704	1403	1	43	54	-1	-1	4	\N
348	704	67	8	43	53	-1	-1	1	\N
349	704	628	32	44	45	-1	-1	0	\N
350	704	412	8	45	52	-1	-1	2	\N
351	704	632	32	46	50	-1	-1	0	\N
352	704	4079	8	46	57	-1	-1	5	\N
353	704	634	32	47	51	-1	-1	0	\N
354	704	107	8	47	51	-1	-1	3	\N
355	704	70	1	47	51	-1	-1	5	\N
356	704	635	32	48	52	-1	-1	0	\N
357	704	116	1	48	55	-1	-1	3	\N
358	704	633	32	49	53	-1	-1	0	\N
359	704	1402	32	50	59	-1	-1	0	\N
360	704	1671	32	51	56	-1	-1	0	\N
361	704	1673	32	52	57	-1	-1	0	\N
362	704	1660	1	52	58	-1	-1	5	\N
363	704	1666	8	52	53	-1	-1	4	\N
364	704	3700	8	52	54	-1	-1	3	\N
365	704	1674	32	53	58	-1	-1	0	\N
366	704	1526	512	53	255	-1	-1	3	\N
367	704	1668	8	53	55	-1	-1	2	\N
368	704	1672	32	54	59	-1	-1	0	\N
369	704	1610	8	54	60	-1	-1	1	\N
370	704	2879	8	54	57	-1	-1	4	\N
371	704	1405	1	55	255	-1	-1	4	\N
372	704	1472	8	55	59	-1	-1	3	\N
373	704	1529	1	56	63	-1	-1	3	\N
374	704	1667	8	56	59	-1	-1	2	\N
375	704	1675	32	57	64	-1	-1	0	\N
376	704	1663	1	57	62	-1	-1	6	\N
377	704	1677	32	58	62	-1	-1	0	\N
378	704	2539	8	58	61	-1	-1	4	\N
379	704	4080	8	58	63	-1	-1	5	\N
380	704	1678	32	59	60	-1	-1	0	\N
381	704	1664	1	59	60	-1	-1	5	\N
382	704	1404	32	60	64	-1	-1	0	\N
383	704	1676	32	60	61	-1	-1	0	\N
384	704	1669	8	60	60	-1	-1	2	\N
385	704	2119	8	60	61	-1	-1	3	\N
386	704	3317	32	61	65	-1	-1	0	\N
387	704	3198	8	61	62	-1	-1	2	\N
388	704	3300	8	61	63	-1	-1	1	\N
389	704	3318	1	61	65	-1	-1	5	\N
390	704	3320	32	62	66	-1	-1	0	\N
391	704	3031	8	62	67	-1	-1	4	\N
392	704	3237	8	62	68	-1	-1	3	\N
393	704	3322	32	63	67	-1	-1	0	\N
394	704	3486	8	63	65	-1	-1	2	\N
395	704	3321	1	63	67	-1	-1	6	\N
396	704	3238	1	64	68	-1	-1	3	\N
397	704	3302	8	64	65	-1	-1	1	\N
398	704	4081	8	64	68	-1	-1	5	\N
399	704	4888	32	65	255	-1	-1	0	\N
400	704	3324	32	65	69	-1	-1	0	\N
401	704	5473	32	66	255	-1	-1	0	\N
402	704	5466	8	66	69	-1	-1	2	\N
403	704	5472	8	66	255	-1	-1	1	\N
404	704	5474	1	66	255	-1	-1	5	\N
405	704	5480	32	67	255	-1	-1	0	\N
406	704	5485	32	68	255	-1	-1	0	\N
407	704	5476	8	68	255	-1	-1	4	\N
408	704	5484	1	68	255	-1	-1	6	\N
409	704	5478	8	69	255	-1	-1	3	\N
410	704	5490	1	69	255	-1	-1	3	\N
411	704	5494	8	69	255	-1	-1	5	\N
412	704	5495	32	70	255	-1	-1	0	\N
413	704	5488	8	70	255	-1	-1	2	\N
414	705	288	8	1	5	-1	-1	1	\N
415	705	40	8	1	18	-1	-1	2	\N
416	705	289	1	1	6	-1	-1	7	\N
417	705	286	1	1	3	-1	-1	6	\N
418	705	285	32	1	1	-1	-1	0	\N
419	705	681	32	2	6	-1	-1	0	\N
420	705	294	1	4	10	-1	-1	6	\N
421	705	246	8	6	15	-1	-1	1	\N
422	705	295	32	7	8	-1	-1	0	\N
423	705	296	1	7	15	-1	-1	7	\N
424	705	48	512	7	21	-1	-1	7	\N
425	705	302	1	9	22	-1	-1	2	\N
426	705	303	1	9	27	-1	-1	5	\N
427	705	682	32	9	13	-1	-1	0	\N
428	705	2561	8	11	16	-1	-1	4	\N
429	705	521	1	11	25	-1	-1	6	\N
430	705	683	32	14	16	-1	-1	0	\N
431	705	697	8	14	25	-1	-1	5	\N
432	705	39	8	15	20	-1	-1	6	\N
433	705	309	8	16	22	-1	-1	1	\N
434	705	306	1	16	20	-1	-1	7	\N
435	705	2562	8	17	29	-1	-1	4	\N
436	705	684	32	17	21	-1	-1	0	\N
437	705	170	8	21	38	-1	-1	6	\N
438	705	350	1	21	31	-1	-1	7	\N
439	705	24	512	22	27	-1	-1	7	\N
440	705	685	32	22	28	-1	-1	0	\N
441	705	185	1	23	40	-1	-1	2	\N
442	705	65	8	23	30	-1	-1	1	\N
443	705	174	8	26	41	-1	-1	5	\N
444	705	450	1	26	46	-1	-1	6	\N
445	705	49	512	28	41	-1	-1	7	\N
446	705	619	1	28	60	-1	-1	5	\N
447	705	4073	8	29	43	-1	-1	2	\N
448	705	686	32	29	30	-1	-1	0	\N
449	705	74	1	30	49	-1	-1	7	\N
450	705	66	8	31	39	-1	-1	1	\N
451	705	687	32	31	36	-1	-1	0	\N
452	705	71	1	32	42	-1	-1	7	\N
453	705	1408	8	34	54	-1	-1	3	\N
454	705	688	32	37	40	-1	-1	0	\N
455	705	171	8	39	46	-1	-1	7	\N
456	705	1474	8	40	62	-1	-1	1	\N
457	705	186	1	41	56	-1	-1	2	\N
458	705	689	32	41	47	-1	-1	0	\N
459	705	1694	8	42	51	-1	-1	5	\N
460	705	25	512	42	52	-1	-1	7	\N
461	705	673	1	43	53	-1	-1	7	\N
462	705	4074	1	44	54	-1	-1	2	\N
463	705	172	8	47	52	-1	-1	6	\N
464	705	195	1	47	58	-1	-1	6	\N
465	705	690	32	48	54	-1	-1	0	\N
466	705	1686	1	50	255	-1	-1	7	\N
467	705	1693	8	52	55	-1	-1	5	\N
468	705	1697	512	53	255	-1	-1	7	\N
469	705	1708	8	53	57	-1	-1	6	\N
470	705	1698	1	54	255	-1	-1	7	\N
471	705	1723	32	55	61	-1	-1	0	\N
472	705	4075	8	55	62	-1	-1	2	\N
473	705	1409	8	55	59	-1	-1	3	\N
474	705	1695	8	56	59	-1	-1	5	\N
475	705	1712	1	57	68	-1	-1	2	\N
476	705	1709	8	58	59	-1	-1	6	\N
477	705	1703	1	59	61	-1	-1	6	\N
478	705	1710	8	60	61	-1	-1	6	\N
479	705	2570	8	60	62	-1	-1	5	\N
480	705	6739	8	61	66	-1	-1	4	\N
481	705	3199	8	61	65	-1	-1	3	\N
482	705	3229	16	61	255	-1	-1	1	\N
483	705	3034	32	62	65	-1	-1	0	\N
484	705	3240	8	62	64	-1	-1	6	\N
485	705	3345	1	62	68	-1	-1	6	\N
486	705	3350	8	63	64	-1	-1	5	\N
487	705	4076	8	63	67	-1	-1	2	\N
488	705	3241	8	63	255	-1	-1	1	\N
489	705	3178	8	65	66	-1	-1	6	\N
490	705	3360	8	65	67	-1	-1	5	\N
491	705	5500	8	66	255	-1	-1	3	\N
492	705	5505	32	66	255	-1	-1	0	\N
493	705	5504	8	67	68	-1	-1	4	\N
494	705	5507	8	67	69	-1	-1	6	\N
495	705	5513	8	68	69	-1	-1	5	\N
496	705	5515	8	68	69	-1	-1	2	\N
497	705	5509	1	69	255	-1	-1	6	\N
498	705	6671	8	69	255	-1	-1	4	\N
499	705	6826	1	69	255	-1	-1	2	\N
500	705	5517	8	70	255	-1	-1	2	\N
501	705	5521	8	70	255	-1	-1	6	\N
502	705	5522	8	70	255	-1	-1	5	\N
503	706	266	8	1	20	-1	-1	1	\N
504	706	40	8	1	7	-1	-1	2	\N
505	706	267	8	1	31	-1	-1	3	\N
506	706	93	1	1	3	-1	-1	1	\N
507	706	200	2	1	18	-1	-1	2	\N
508	706	274	8	3	10	-1	-1	9	\N
509	706	269	8	3	17	-1	-1	10	\N
510	706	275	1	4	13	-1	-1	5	\N
511	706	75	256	4	14	-1	-1	4	\N
512	706	270	256	5	12	-1	-1	2	\N
513	706	279	8	6	21	-1	-1	11	\N
514	706	2521	8	8	17	-1	-1	2	\N
515	706	277	256	8	23	-1	-1	4	\N
516	706	17	2	9	18	-1	-1	2	\N
517	706	283	8	11	19	-1	-1	9	\N
518	706	281	1	12	28	-1	-1	3	\N
519	706	505	1	13	26	-1	-1	2	\N
520	706	365	256	15	18	-1	-1	4	\N
521	706	282	1	14	22	-1	-1	5	\N
522	706	526	1	17	37	-1	-1	4	\N
523	706	110	1	18	31	-1	-1	1	\N
524	706	147	8	18	27	-1	-1	2	\N
525	706	148	8	18	30	-1	-1	10	\N
526	706	12	2	19	28	-1	-1	2	\N
527	706	511	256	19	30	-1	-1	4	\N
528	706	649	8	20	25	-1	-1	9	\N
529	706	146	8	21	24	-1	-1	1	\N
530	706	149	8	21	29	-1	-1	11	\N
531	706	144	8	23	38	-1	-1	12	\N
532	706	508	1	23	32	-1	-1	5	\N
533	706	434	256	24	36	-1	-1	4	\N
534	706	349	8	25	38	-1	-1	1	\N
535	706	39	8	26	41	-1	-1	9	\N
536	706	506	1	27	37	-1	-1	2	\N
537	706	151	8	28	34	-1	-1	2	\N
538	706	15	2	29	50	-1	-1	2	\N
539	706	162	1	29	40	-1	-1	3	\N
540	706	161	8	30	42	-1	-1	11	\N
541	706	160	8	31	40	-1	-1	10	\N
542	706	31	256	31	48	-1	-1	4	\N
543	706	111	1	32	47	-1	-1	1	\N
544	706	164	32	32	36	-1	-1	0	\N
545	706	1428	8	35	38	-1	-1	2	\N
546	706	435	256	37	48	-1	-1	4	\N
547	706	577	32	37	40	-1	-1	0	\N
548	706	507	1	38	50	-1	-1	2	\N
549	706	527	1	38	51	-1	-1	4	\N
550	706	145	8	39	51	-1	-1	12	\N
551	706	152	8	39	47	-1	-1	1	\N
552	706	153	8	39	45	-1	-1	2	\N
553	706	154	8	41	52	-1	-1	10	\N
554	706	163	1	41	52	-1	-1	3	\N
555	706	165	32	41	44	-1	-1	0	\N
556	706	170	8	42	55	-1	-1	9	\N
557	706	158	8	43	53	-1	-1	11	\N
558	706	3694	1024	44	59	-1	-1	5	\N
559	706	754	1024	44	53	-1	-1	6	\N
560	706	166	32	45	54	-1	-1	0	\N
561	706	159	8	46	56	-1	-1	2	\N
562	706	112	1	48	56	-1	-1	1	\N
563	706	157	8	48	57	-1	-1	1	\N
564	706	32	256	49	58	-1	-1	4	\N
565	706	436	256	49	55	-1	-1	4	\N
566	706	1588	1	51	64	-1	-1	2	\N
567	706	9	2	51	54	-1	-1	2	\N
568	706	1568	8	52	55	-1	-1	12	\N
569	706	1573	1	52	62	-1	-1	4	\N
570	706	1592	1	53	65	-1	-1	3	\N
571	706	1594	8	53	56	-1	-1	10	\N
572	706	1595	8	54	56	-1	-1	11	\N
573	706	1572	1024	54	57	-1	-1	6	\N
574	706	1290	2	55	57	-1	-1	3	\N
575	706	1574	32	55	60	-1	-1	0	\N
576	706	171	8	56	62	-1	-1	9	\N
577	706	2528	8	56	60	-1	-1	12	\N
578	706	1590	256	56	59	-1	-1	4	\N
579	706	1580	8	57	61	-1	-1	11	\N
580	706	1577	1	57	59	-1	-1	1	\N
581	706	1593	8	57	57	-1	-1	2	\N
582	706	1579	8	57	60	-1	-1	10	\N
583	706	1596	8	58	58	-1	-1	1	\N
584	706	1581	8	58	59	-1	-1	2	\N
585	706	1332	1024	58	64	-1	-1	6	\N
586	706	1583	8	59	59	-1	-1	1	\N
587	706	1591	256	59	63	-1	-1	4	\N
588	706	2112	8	60	64	-1	-1	2	\N
589	706	2530	8	60	61	-1	-1	1	\N
590	706	2113	256	60	64	-1	-1	4	\N
591	706	1578	1	60	62	-1	-1	1	\N
592	706	1576	1024	60	64	-1	-1	5	\N
593	706	3378	8	61	61	-1	-1	10	\N
594	706	3433	8	61	62	-1	-1	12	\N
595	706	3377	32	61	66	-1	-1	0	\N
596	706	3235	8	62	64	-1	-1	1	\N
597	706	3383	8	62	67	-1	-1	10	\N
598	706	3382	8	62	62	-1	-1	11	\N
599	706	3233	2	62	64	-1	-1	2	\N
600	706	172	8	63	63	-1	-1	9	\N
601	706	3389	8	63	67	-1	-1	11	\N
602	706	3441	8	63	65	-1	-1	12	\N
603	706	3386	1	63	65	-1	-1	4	\N
604	706	3387	1	63	64	-1	-1	1	\N
605	706	3391	8	64	255	-1	-1	9	\N
606	706	3394	256	64	66	-1	-1	4	\N
607	706	3397	8	65	67	-1	-1	1	\N
608	706	3399	8	65	69	-1	-1	2	\N
609	706	3396	256	65	69	-1	-1	4	\N
610	706	4900	1	65	68	-1	-1	2	\N
611	706	3395	1	65	255	-1	-1	1	\N
612	706	4901	2	65	67	-1	-1	2	\N
613	706	4899	1024	65	69	-1	-1	5	\N
614	706	4979	1024	65	69	-1	-1	6	\N
615	706	5393	8	66	68	-1	-1	12	\N
616	706	5394	1	66	255	-1	-1	3	\N
617	706	5392	1	66	255	-1	-1	4	\N
618	706	5411	256	67	255	-1	-1	4	\N
619	706	5389	32	67	255	-1	-1	0	\N
620	706	5396	8	68	69	-1	-1	1	\N
621	706	5398	8	68	68	-1	-1	11	\N
622	706	5395	2	68	69	-1	-1	2	\N
623	706	5399	8	68	255	-1	-1	10	\N
624	706	5405	8	69	255	-1	-1	11	\N
625	706	5406	8	69	255	-1	-1	12	\N
626	706	6827	1	69	255	-1	-1	2	\N
627	706	5416	1024	70	255	-1	-1	5	\N
628	706	5418	1024	70	255	-1	-1	6	\N
629	706	5415	8	70	255	-1	-1	1	\N
630	706	5417	8	70	255	-1	-1	2	\N
631	706	5414	256	70	255	-1	-1	4	\N
632	706	6142	2	70	255	-1	-1	2	\N
633	707	239	256	1	24	-1	-1	2	\N
634	707	242	128	1	25	-1	-1	1	\N
635	707	93	1	1	2	-1	-1	3	\N
636	707	200	2	1	8	-1	-1	2	\N
637	707	248	1	2	12	-1	-1	2	\N
638	707	253	1	3	15	-1	-1	3	\N
639	707	92	1	3	7	-1	-1	3	\N
640	707	256	8	7	16	-1	-1	1	\N
641	707	515	8	7	16	-1	-1	8	\N
642	707	91	1	8	27	-1	-1	3	\N
643	707	17	2	9	18	-1	-1	2	\N
644	707	264	256	10	31	-1	-1	2	\N
645	707	663	1	13	22	-1	-1	2	\N
646	707	520	1	16	29	-1	-1	3	\N
647	707	273	8	17	26	-1	-1	1	\N
648	707	516	8	17	26	-1	-1	8	\N
649	707	12	2	19	28	-1	-1	2	\N
650	707	115	1	23	32	-1	-1	2	\N
651	707	99	256	24	33	-1	-1	2	\N
652	707	78	256	25	36	-1	-1	2	\N
653	707	512	128	26	60	-1	-1	1	\N
654	707	129	8	27	36	-1	-1	1	\N
655	707	517	8	27	36	-1	-1	8	\N
656	707	217	1	28	37	-1	-1	3	\N
657	707	15	2	29	43	-1	-1	2	\N
658	707	1439	1	30	55	-1	-1	3	\N
659	707	259	256	32	39	-1	-1	2	\N
660	707	664	1	33	42	-1	-1	2	\N
661	707	144	8	34	38	-1	-1	7	\N
662	707	1437	256	37	60	-1	-1	2	\N
663	707	432	8	37	46	-1	-1	1	\N
664	707	518	8	37	46	-1	-1	8	\N
665	707	57	1	38	47	-1	-1	3	\N
666	707	137	8	39	41	-1	-1	7	\N
667	707	665	256	40	52	-1	-1	2	\N
668	707	427	8	40	53	-1	-1	9	\N
669	707	1436	256	42	61	-1	-1	2	\N
670	707	145	8	42	44	-1	-1	7	\N
671	707	116	1	43	54	-1	-1	2	\N
672	707	3834	2	44	50	-1	-1	2	\N
673	707	138	8	45	53	-1	-1	7	\N
674	707	29	1	47	54	-1	-1	3	\N
675	707	356	8	47	48	-1	-1	1	\N
676	707	519	8	47	55	-1	-1	8	\N
677	707	671	1	48	53	-1	-1	3	\N
678	707	1727	8	49	57	-1	-1	1	\N
679	707	4104	256	49	255	-1	-1	2	\N
680	707	1562	8	54	59	-1	-1	9	\N
681	707	9	2	51	54	-1	-1	2	\N
682	707	1600	256	52	61	-1	-1	2	\N
683	707	1601	256	53	62	-1	-1	2	\N
684	707	1568	8	54	57	-1	-1	7	\N
685	707	1603	1	54	58	-1	-1	3	\N
686	707	1290	2	55	59	-1	-1	2	\N
687	707	1529	1	55	64	-1	-1	2	\N
688	707	1605	1	55	59	-1	-1	3	\N
689	707	4105	256	55	255	-1	-1	2	\N
690	707	1558	8	56	63	-1	-1	8	\N
691	707	1604	1	56	60	-1	-1	3	\N
692	707	1560	8	58	58	-1	-1	1	\N
693	707	1569	8	58	59	-1	-1	7	\N
694	707	1561	8	59	59	-1	-1	1	\N
695	707	1607	1	59	59	-1	-1	3	\N
696	707	1563	8	60	255	-1	-1	9	\N
697	707	1291	2	60	62	-1	-1	2	\N
698	707	2125	8	60	62	-1	-1	1	\N
699	707	2126	1	60	63	-1	-1	3	\N
700	707	2520	8	60	60	-1	-1	7	\N
701	707	2877	1	60	64	-1	-1	3	\N
702	707	3433	8	61	62	-1	-1	7	\N
703	707	3434	1	61	65	-1	-1	3	\N
704	707	5572	128	61	68	-1	-1	1	\N
705	707	3437	256	62	63	-1	-1	2	\N
706	707	3440	256	62	64	-1	-1	2	\N
707	707	3441	8	63	65	-1	-1	7	\N
708	707	3443	2	63	65	-1	-1	2	\N
709	707	3446	256	63	67	-1	-1	2	\N
710	707	3448	8	63	64	-1	-1	1	\N
711	707	3444	8	64	255	-1	-1	8	\N
712	707	3449	1	64	64	-1	-1	3	\N
713	707	4106	256	64	255	-1	-1	2	\N
714	707	3238	1	65	67	-1	-1	2	\N
715	707	3295	8	65	66	-1	-1	1	\N
716	707	4974	1	65	66	-1	-1	3	\N
717	707	4883	2	65	67	-1	-1	2	\N
718	707	4884	1	65	68	-1	-1	3	\N
719	707	4885	256	65	66	-1	-1	2	\N
720	707	5342	8	66	68	-1	-1	7	\N
721	707	5343	1	66	255	-1	-1	3	\N
722	707	5348	1	67	255	-1	-1	3	\N
723	707	5358	8	67	69	-1	-1	1	\N
724	707	5355	2	68	69	-1	-1	2	\N
725	707	5357	256	68	255	-1	-1	2	\N
726	707	8008	1	68	255	-1	-1	1	\N
727	707	5353	8	69	255	-1	-1	7	\N
728	707	5361	1	69	255	-1	-1	3	\N
729	707	6665	128	69	255	-1	-1	1	\N
730	707	5365	8	70	255	-1	-1	1	\N
731	707	6141	2	70	255	-1	-1	2	\N
732	708	5011	2	1	5	-1	-1	2	\N
733	708	200	2	6	11	-1	-1	2	\N
734	708	2581	1	7	12	-1	-1	3	\N
735	708	202	8	8	19	-1	-1	1	\N
736	708	17	2	12	26	-1	-1	2	\N
737	708	2582	1	13	27	-1	-1	3	\N
738	708	218	1	14	29	-1	-1	2	\N
739	708	11	8	15	29	-1	-1	2	\N
740	708	219	8	20	36	-1	-1	1	\N
741	708	485	8	24	32	-1	-1	3	\N
742	708	2583	8	26	62	-1	-1	5	\N
743	708	12	2	27	35	-1	-1	2	\N
744	708	216	1	28	41	-1	-1	3	\N
745	708	233	1	30	45	-1	-1	2	\N
746	708	368	8	30	38	-1	-1	2	\N
747	708	486	8	33	45	-1	-1	3	\N
748	708	2584	8	35	48	-1	-1	4	\N
749	708	15	2	36	51	-1	-1	2	\N
750	708	89	8	37	46	-1	-1	1	\N
751	708	18	8	39	47	-1	-1	2	\N
752	708	123	1	42	51	-1	-1	3	\N
753	708	2585	8	44	255	-1	-1	7	\N
754	708	3683	2	44	58	-1	-1	1	\N
755	708	117	1	46	53	-1	-1	2	\N
756	708	487	8	46	57	-1	-1	3	\N
757	708	312	8	47	59	-1	-1	1	\N
758	708	19	8	48	59	-1	-1	2	\N
759	708	207	16	48	255	-1	-1	1	\N
760	708	3578	8	49	52	-1	-1	4	\N
761	708	124	1	52	52	-1	-1	3	\N
762	708	3684	2	52	56	-1	-1	2	\N
763	708	1288	8	53	59	-1	-1	4	\N
764	708	3975	1	53	53	-1	-1	3	\N
765	708	2587	1	54	61	-1	-1	3	\N
766	708	662	1	54	61	-1	-1	2	\N
767	708	1743	8	55	255	-1	-1	2	\N
768	708	9	2	57	60	-1	-1	2	\N
769	708	488	8	58	62	-1	-1	3	\N
770	708	1283	2	59	63	-1	-1	1	\N
771	708	2590	8	60	64	-1	-1	4	\N
772	708	314	8	60	60	-1	-1	1	\N
773	708	20	8	60	64	-1	-1	2	\N
774	708	1533	8	61	63	-1	-1	1	\N
775	708	3429	2	61	62	-1	-1	2	\N
776	708	3245	1	62	63	-1	-1	3	\N
777	708	3428	1	62	66	-1	-1	2	\N
778	708	3430	2	63	64	-1	-1	2	\N
779	708	1535	8	63	64	-1	-1	3	\N
780	708	3424	8	63	64	-1	-1	5	\N
781	708	1538	8	64	64	-1	-1	1	\N
782	708	3426	1	64	64	-1	-1	3	\N
783	708	3247	8	64	68	-1	-1	9	\N
784	708	2589	2	64	255	-1	-1	2	\N
785	708	4894	2	65	67	-1	-1	2	\N
786	708	3432	8	65	69	-1	-1	4	\N
787	708	4109	8	65	69	-1	-1	2	\N
788	708	4895	8	65	67	-1	-1	5	\N
789	708	4977	1	65	65	-1	-1	3	\N
790	708	5284	1	66	67	-1	-1	3	\N
791	708	5286	1	67	67	-1	-1	2	\N
792	708	5289	2	68	255	-1	-1	2	\N
793	708	8027	1	68	255	-1	-1	2	\N
794	708	5288	8	68	255	-1	-1	5	\N
795	708	5292	1	68	69	-1	-1	3	\N
796	708	5291	8	69	255	-1	-1	9	\N
797	708	8029	8	69	255	-1	-1	10	\N
798	708	5298	8	70	255	-1	-1	2	\N
799	708	5297	8	70	255	-1	-1	4	\N
800	708	5299	1	70	255	-1	-1	3	\N
801	709	5012	1	1	33	-1	-1	5	\N
802	709	340	256	5	56	-1	-1	3	\N
803	709	491	32	7	13	-1	-1	0	\N
804	709	341	64	8	14	-1	-1	3	\N
805	709	2571	1	9	49	-1	-1	2	\N
806	709	344	128	11	19	-1	-1	1	\N
807	709	229	1	12	42	-1	45	4	\N
808	709	351	32	14	21	-1	-1	0	\N
809	709	502	64	15	28	-1	-1	3	\N
810	709	346	8	16	57	-1	-1	1	\N
811	709	355	128	20	43	-1	-1	1	\N
812	709	359	8	22	36	-1	-1	2	\N
813	709	362	32	22	29	-1	-1	0	\N
814	709	360	256	28	40	-1	-1	3	\N
815	709	1289	8	29	59	-1	-1	9	\N
816	709	445	64	29	46	-1	-1	3	\N
817	709	492	32	30	37	-1	-1	0	\N
818	709	236	8	31	55	-1	-1	8	\N
819	709	3561	1	34	47	-1	-1	5	\N
820	709	367	256	36	59	-1	-1	3	\N
821	709	2574	8	37	54	-1	-1	2	\N
822	709	370	1	37	49	-1	-1	2	\N
823	709	440	32	38	45	-1	-1	0	\N
824	709	3686	256	41	52	-1	-1	3	\N
825	709	127	1	43	56	-1	45	4	\N
826	709	452	128	44	58	-1	-1	1	\N
827	709	441	32	46	51	-1	-1	0	\N
828	709	692	64	47	56	-1	-1	3	\N
829	709	3560	1	48	53	-1	-1	5	\N
830	709	199	16	50	255	-1	-1	1	\N
831	709	442	32	52	57	-1	-1	0	\N
832	709	451	256	53	60	-1	-1	3	\N
833	709	3562	1	54	63	-1	-1	5	\N
834	709	1376	8	55	62	-1	-1	2	\N
835	709	393	8	56	58	-1	-1	8	\N
836	709	454	256	57	61	-1	-1	3	\N
837	709	525	64	57	59	-1	-1	3	\N
838	709	6986	1	57	61	-1	-1	4	\N
839	709	495	32	58	63	-1	-1	0	\N
840	709	394	8	59	255	-1	-1	8	\N
841	709	453	128	59	60	-1	-1	1	\N
842	709	661	8	60	63	-1	-1	9	\N
843	709	1508	256	60	65	-1	-1	3	\N
844	709	447	64	60	61	-1	-1	3	\N
845	709	3400	128	61	255	-1	-1	1	\N
846	709	6	256	61	62	-1	-1	3	\N
847	709	456	256	62	65	-1	-1	3	\N
848	709	3401	64	62	64	-1	-1	3	\N
849	709	3227	8	63	64	-1	-1	2	\N
850	709	3489	256	63	65	-1	-1	3	\N
851	709	6987	1	62	66	-1	-1	4	\N
852	709	1414	8	64	68	-1	-1	9	\N
853	709	3491	1	64	64	-1	-1	5	\N
854	709	443	32	64	67	-1	-1	0	\N
855	709	3413	64	65	66	-1	-1	3	\N
856	709	4904	1	65	68	-1	-1	5	\N
857	709	5323	256	66	255	-1	-1	3	\N
858	709	5320	256	66	67	-1	-1	3	\N
859	709	5322	256	66	255	-1	-1	3	\N
860	709	5327	8	67	255	-1	-1	2	\N
861	709	5324	64	67	69	-1	-1	3	\N
862	709	6988	1	67	255	-1	-1	4	\N
863	709	5330	256	68	255	-1	-1	3	\N
864	709	5331	32	68	255	-1	-1	0	\N
865	709	5332	8	69	255	-1	-1	9	\N
866	709	5334	1	69	255	-1	-1	5	\N
867	709	5338	64	70	255	-1	-1	3	\N
868	710	5011	2	1	7	-1	-1	2	\N
869	710	239	256	3	43	-1	-1	3	\N
870	710	2591	128	5	5	-1	-1	1	\N
871	710	242	128	6	50	-1	-1	1	\N
872	710	26	8	7	20	-1	-1	1	\N
873	710	200	2	8	20	-1	-1	2	\N
874	710	2592	8	11	51	-1	-1	9	\N
875	710	269	8	12	54	-1	-1	8	\N
876	710	515	8	13	29	-1	-1	7	\N
877	710	92	1	14	18	-1	-1	4	\N
878	710	254	8	17	36	-1	-1	6	\N
879	710	91	1	19	28	-1	-1	4	\N
880	710	17	2	21	37	-1	-1	2	\N
881	710	263	8	21	37	-1	-1	1	\N
882	710	256	8	24	42	-1	-1	5	\N
883	710	264	256	25	39	-1	-1	3	\N
884	710	268	8	26	52	-1	-1	4	\N
885	710	2593	8	29	47	-1	-1	2	\N
886	710	3565	1	29	38	-1	-1	4	\N
887	710	516	8	30	33	-1	-1	7	\N
888	710	517	8	34	41	-1	-1	7	\N
889	710	1461	8	36	54	-1	-1	10	\N
890	710	2594	8	37	50	-1	-1	6	\N
891	710	12	2	38	56	-1	-1	2	\N
892	710	421	8	38	53	-1	-1	1	\N
893	710	3564	1	39	48	-1	-1	4	\N
894	710	3687	256	40	53	-1	-1	3	\N
895	710	518	8	42	59	-1	-1	7	\N
896	710	129	8	43	57	-1	-1	5	\N
897	710	78	256	44	255	-1	-1	3	\N
898	710	2595	8	48	49	-1	-1	2	\N
899	710	691	1	49	51	-1	-1	4	\N
900	710	1462	8	50	61	-1	-1	2	\N
901	710	1741	16	50	54	-1	-1	1	\N
902	710	1397	8	51	61	-1	-1	6	\N
903	710	512	128	51	60	-1	-1	1	\N
904	710	2596	8	52	57	-1	-1	9	\N
905	710	57	1	52	58	-1	-1	4	\N
906	710	430	8	53	255	-1	-1	4	\N
907	710	259	256	54	61	-1	-1	3	\N
908	710	422	8	54	58	-1	-1	1	\N
909	710	1296	16	55	255	-1	-1	1	\N
910	710	145	8	55	63	-1	-1	8	\N
911	710	1463	8	55	57	-1	-1	10	\N
912	710	15	2	57	61	-1	-1	2	\N
913	710	432	8	58	61	-1	-1	5	\N
914	710	4059	8	58	63	-1	-1	10	\N
915	710	2599	8	58	255	-1	-1	9	\N
916	710	423	8	59	64	-1	-1	1	\N
917	710	1740	1	59	63	-1	-1	4	\N
918	710	519	8	60	62	-1	-1	7	\N
919	710	6732	128	61	68	-1	-1	1	\N
920	710	3419	8	62	66	-1	-1	2	\N
921	710	356	8	62	65	-1	-1	5	\N
922	710	3487	8	62	66	-1	-1	6	\N
923	710	665	256	62	66	-1	-1	3	\N
924	710	1290	2	62	64	-1	-1	2	\N
925	710	1558	8	63	67	-1	-1	7	\N
926	710	1568	8	64	67	-1	-1	8	\N
927	710	3415	8	64	64	-1	-1	10	\N
928	710	3431	1	64	64	-1	-1	4	\N
929	710	1559	8	65	69	-1	-1	1	\N
930	710	4898	8	65	68	-1	-1	10	\N
931	710	4980	1	65	68	-1	-1	4	\N
932	710	4896	2	65	66	-1	-1	2	\N
933	710	5302	8	66	255	-1	-1	5	\N
934	710	5305	8	66	255	-1	-1	2	\N
935	710	5306	8	67	255	-1	-1	6	\N
936	710	5303	256	67	255	-1	-1	3	\N
937	710	5304	2	67	255	-1	-1	2	\N
938	710	5307	8	68	255	-1	-1	7	\N
939	710	5310	8	68	255	-1	-1	8	\N
940	710	5311	8	69	255	-1	-1	10	\N
941	710	6664	128	69	255	-1	-1	1	\N
942	710	5313	1	69	69	-1	-1	4	\N
943	710	5315	8	70	255	-1	-1	1	\N
944	710	5319	1	70	255	-1	-1	4	\N
945	711	700	8	1	9	-1	-1	1	\N
946	711	7	2	6	33	-1	-1	2	\N
947	711	710	8	9	12	-1	-1	2	\N
948	711	701	8	10	35	-1	-1	1	\N
949	711	711	8	13	24	-1	-1	2	\N
950	711	709	8	17	51	-1	-1	3	\N
951	711	1287	2	20	31	-1	-1	2	\N
952	711	738	1	23	255	-1	-1	3	\N
953	711	712	8	25	28	-1	-1	2	\N
954	711	715	8	29	32	-1	-1	3	\N
955	711	707	1	30	37	-1	-1	2	\N
956	711	723	2	32	33	-1	-1	3	\N
957	711	713	8	33	36	-1	-1	2	\N
958	711	1448	2	34	54	-1	-1	2	\N
959	711	740	8	36	41	-1	-1	1	\N
960	711	716	8	37	40	-1	-1	2	\N
961	711	743	1	38	41	-1	-1	4	\N
962	711	714	8	41	46	-1	-1	2	\N
963	711	3567	1	42	45	-1	-1	5	\N
964	711	702	8	42	49	-1	-1	1	\N
965	711	744	1	46	49	-1	-1	6	\N
966	711	748	8	47	53	-1	-1	2	\N
967	711	3566	1	50	62	-1	-1	2	\N
968	711	747	8	50	53	-1	-1	1	\N
969	711	1751	1	51	255	-1	-1	4	\N
970	711	2606	8	52	59	-1	-1	3	\N
971	711	1754	16	53	59	-1	-1	1	\N
972	711	2607	8	54	255	-1	-1	2	\N
973	711	1759	2	55	57	-1	-1	2	\N
974	711	2609	2	58	59	-1	-1	2	\N
975	711	1196	2	60	61	-1	-1	2	\N
976	711	1749	16	60	255	-1	-1	1	\N
977	711	2610	8	60	63	-1	-1	3	\N
978	711	3374	8	62	64	-1	-1	1	\N
979	711	3651	2	62	63	-1	-1	2	\N
980	711	3370	1	63	63	-1	-1	2	\N
981	711	3066	1	64	255	-1	-1	2	\N
982	711	3362	8	64	64	-1	-1	3	\N
983	711	3372	2	64	66	-1	-1	2	\N
984	711	4871	8	65	67	-1	-1	1	\N
985	711	4872	8	65	67	-1	-1	3	\N
986	711	5377	2	67	68	-1	-1	2	\N
987	711	5376	8	68	255	-1	-1	1	\N
988	711	5380	8	68	68	-1	-1	3	\N
989	711	5382	8	69	69	-1	-1	3	\N
990	711	5384	2	69	255	-1	-1	2	\N
991	711	5388	8	70	255	-1	-1	3	\N
992	712	5011	2	1	5	-1	-1	2	\N
993	712	200	2	6	19	-1	-1	2	\N
994	712	267	8	7	19	-1	-1	9	\N
995	712	2612	32	8	14	-1	-1	0	\N
996	712	2611	2	9	14	-1	-1	2	\N
997	712	274	8	10	25	-1	-1	8	\N
998	712	2068	1	12	25	-1	-1	4	\N
999	712	2635	8	13	17	-1	-1	6	\N
1000	712	40	8	14	27	-1	-1	5	\N
1001	712	75	256	14	39	-1	-1	3	\N
1002	712	2613	2	15	26	-1	-1	2	\N
1003	712	2633	32	15	20	-1	-1	0	\N
1004	712	279	8	17	36	-1	-1	4	\N
1005	712	2636	8	18	27	-1	-1	6	\N
1006	712	277	256	19	34	-1	-1	3	\N
1007	712	270	1	20	49	-1	-1	3	\N
1008	712	17	2	20	35	-1	-1	2	\N
1009	712	2614	32	21	29	-1	-1	0	\N
1010	712	282	1	26	32	-1	-1	4	\N
1011	712	283	8	26	36	-1	-1	8	\N
1012	712	2615	2	27	35	-1	-1	2	\N
1013	712	147	8	28	40	-1	-1	5	\N
1014	712	2637	8	28	37	-1	-1	6	\N
1015	712	2616	32	30	38	-1	-1	0	\N
1016	712	3568	1	33	46	-1	-1	4	\N
1017	712	434	256	35	51	-1	-1	3	\N
1018	712	48	512	35	57	-1	-1	6	\N
1019	712	12	2	36	56	-1	-1	2	\N
1020	712	2617	2	36	48	-1	-1	2	\N
1021	712	2619	8	37	51	-1	-1	8	\N
1022	712	149	8	37	51	-1	-1	3	\N
1023	712	2638	8	38	45	-1	-1	6	\N
1024	712	2618	32	39	45	-1	-1	0	\N
1025	712	3689	256	40	64	-1	-1	3	\N
1026	712	151	8	41	53	-1	-1	5	\N
1027	712	2176	8	41	51	-1	-1	4	\N
1028	712	2178	8	42	59	-1	-1	2	\N
1029	712	2621	32	46	53	-1	-1	0	\N
1030	712	2639	8	46	50	-1	-1	6	\N
1031	712	308	8	47	255	-1	-1	7	\N
1032	712	3569	1	47	53	-1	-1	4	\N
1033	712	2620	2	49	51	-1	-1	2	\N
1034	712	2634	1	50	59	-1	-1	3	\N
1035	712	2640	8	51	52	-1	-1	6	\N
1036	712	161	8	52	56	-1	-1	3	\N
1037	712	2177	8	52	58	-1	-1	4	\N
1038	712	2622	2	52	54	-1	-1	2	\N
1039	712	3690	8	52	54	-1	-1	8	\N
1040	712	435	256	52	60	-1	-1	3	\N
1041	712	167	8	53	57	-1	-1	6	\N
1042	712	153	8	54	255	-1	-1	5	\N
1043	712	2623	32	54	55	-1	-1	0	\N
1044	712	3570	1	54	58	-1	-1	4	\N
1045	712	2625	8	55	58	-1	-1	8	\N
1046	712	145	8	55	63	-1	-1	1	\N
1047	712	2626	32	56	57	-1	-1	0	\N
1048	712	15	2	57	61	-1	-1	2	\N
1049	712	158	8	57	255	-1	-1	3	\N
1050	712	168	8	58	61	-1	-1	6	\N
1051	712	2627	32	58	59	-1	-1	0	\N
1052	712	49	512	58	59	-1	-1	6	\N
1053	712	2628	8	59	62	-1	-1	8	\N
1054	712	2629	8	59	63	-1	-1	4	\N
1055	712	510	1	59	62	-1	-1	4	\N
1056	712	2941	8	60	64	-1	-1	10	\N
1057	712	2630	8	60	61	-1	-1	2	\N
1058	712	2631	32	60	61	-1	-1	0	\N
1059	712	2942	1	60	64	-1	-1	3	\N
1060	712	3492	256	61	65	-1	-1	3	\N
1061	712	3456	8	62	66	-1	-1	2	\N
1062	712	1585	8	62	66	-1	-1	6	\N
1063	712	1290	2	62	64	-1	-1	2	\N
1064	712	3457	32	62	63	-1	-1	0	\N
1065	712	3458	8	63	67	-1	-1	8	\N
1066	712	3493	1	63	64	-1	-1	4	\N
1067	712	1568	8	64	68	-1	-1	1	\N
1068	712	3460	8	64	68	-1	-1	4	\N
1069	712	3461	32	64	67	-1	-1	0	\N
1070	712	3463	8	65	69	-1	-1	10	\N
1071	712	32	256	65	69	-1	-1	3	\N
1072	712	3462	1	65	69	-1	-1	3	\N
1073	712	4972	1	65	68	-1	-1	4	\N
1074	712	4875	2	65	66	-1	-1	2	\N
1075	712	5527	256	66	255	-1	-1	3	\N
1076	712	5530	8	67	255	-1	-1	2	\N
1077	712	5529	8	67	255	-1	-1	6	\N
1078	712	5528	2	67	255	-1	-1	2	\N
1079	712	5533	8	68	255	-1	-1	8	\N
1080	712	5531	32	68	69	-1	-1	0	\N
1081	712	5536	8	69	255	-1	-1	1	\N
1082	712	5537	8	69	255	-1	-1	4	\N
1083	712	5535	1	69	69	-1	-1	4	\N
1084	712	5542	8	70	255	-1	-1	10	\N
1085	712	5540	256	70	255	-1	-1	3	\N
1086	712	6828	1	70	255	-1	-1	3	\N
1087	712	5543	1	70	255	-1	-1	4	\N
1088	712	5538	32	70	255	-1	-1	0	\N
1089	707	425	8	20	255	-1	-1	0	\N
1090	705	190	2048	47	55	-1	-1	0	\N
1091	705	292	2048	2	12	-1	-1	0	\N
1092	705	187	2048	13	29	-1	-1	0	\N
1093	705	188	2048	30	46	-1	-1	0	\N
1094	705	1691	2048	54	58	-1	-1	0	\N
1095	705	1692	2048	59	59	-1	-1	0	\N
1096	705	2120	2048	60	60	-1	-1	0	\N
1097	705	3341	2048	61	62	-1	-1	0	\N
1098	705	3354	2048	63	63	-1	-1	0	\N
1099	705	3358	2048	64	66	-1	-1	0	\N
1100	705	5503	2048	67	67	-1	-1	0	\N
1101	705	8035	2048	68	68	-1	-1	0	\N
1102	705	5520	2048	69	255	-1	-1	0	\N
1103	709	343	16384	6	51	-1	-1	3	\N
1104	709	2572	16384	15	34	-1	-1	3	\N
1105	709	2573	16384	23	49	-1	-1	3	\N
1106	709	1457	16384	35	53	-1	-1	3	\N
1107	709	1458	16384	50	55	-1	-1	3	\N
1108	709	2575	16384	52	59	-1	-1	3	\N
1109	709	2577	16384	54	64	-1	-1	3	\N
1110	709	2578	16384	56	62	-1	-1	3	\N
1111	709	2579	16384	58	65	-1	-1	3	\N
1112	709	3406	16384	61	70	-1	-1	2	\N
1113	707	3435	16384	61	85	-1	-1	2	\N
1114	707	5351	16384	67	73	-1	-1	2	\N
1115	707	5354	16384	67	71	-1	-1	2	\N
1116	703	343	16384	1	12	-1	-1	3	\N
1117	703	1511	16384	10	20	-1	-1	3	\N
1118	703	1512	16384	21	36	-1	-1	3	\N
1119	703	1513	16384	37	51	-1	-1	3	\N
1120	703	1716	16384	52	67	-1	-1	3	\N
1121	703	2546	16384	52	65	-1	-1	3	\N
1122	703	5427	16384	68	71	-1	-1	3	\N
1123	704	110	16384	22	43	-1	-1	2	\N
1124	704	111	16384	44	50	-1	-1	2	\N
1125	704	112	16384	51	57	-1	-1	2	\N
1126	704	1577	16384	58	59	-1	-1	2	\N
1127	704	1772	16384	60	255	-1	-1	1	\N
1128	704	3387	16384	63	70	-1	-1	2	\N
1129	705	41	16384	1	3	-1	-1	3	\N
1130	705	676	16384	2	17	-1	-1	1	\N
1131	705	291	16384	4	8	-1	-1	3	\N
1132	705	645	16384	9	18	-1	-1	3	\N
1133	705	281	16384	16	24	-1	-1	3	\N
1134	705	677	16384	18	40	-1	-1	1	\N
1135	705	179	16384	19	33	-1	-1	4	\N
1136	705	162	16384	25	39	-1	-1	3	\N
1137	705	180	16384	34	41	-1	-1	4	\N
1138	705	163	16384	40	52	-1	-1	3	\N
1139	705	678	16384	41	56	-1	-1	1	\N
1140	705	181	16384	42	52	-1	-1	4	\N
1141	705	1592	16384	53	65	-1	-1	3	\N
1142	705	1702	16384	57	60	-1	-1	1	\N
1143	705	3342	16384	61	71	-1	-1	1	\N
1144	705	5499	16384	66	70	-1	-1	3	\N
1145	712	162	16384	44	55	-1	-1	2	\N
1146	712	163	16384	56	65	-1	-1	2	\N
1147	707	14312	16384	71	75	-1	-1	3	\N
1148	707	14313	16384	71	75	-1	-1	3	\N
1149	707	14314	16384	71	75	-1	-1	3	\N
1150	707	0	16384	76	80	-1	-1	2	\N
1151	707	18392	16384	81	85	-1	-1	2	\N
1152	707	18393	16384	81	85	-1	-1	2	\N
1153	707	18394	16384	81	85	-1	-1	2	\N
1154	703	10516	16384	72	76	-1	-1	3	\N
1155	703	10517	16384	72	76	-1	-1	3	\N
1156	703	10518	16384	72	76	-1	-1	3	\N
1157	703	0	16384	77	81	-1	-1	3	\N
1158	703	18970	16384	82	86	-1	-1	3	\N
1159	703	18971	16384	82	86	-1	-1	3	\N
1160	703	18972	16384	82	86	-1	-1	3	\N
1161	704	15186	16384	76	80	-1	-1	2	\N
1162	704	15187	16384	76	80	-1	-1	2	\N
1163	704	15188	16384	76	80	-1	-1	2	\N
1164	704	18726	16384	81	85	-1	-1	2	\N
1165	704	18727	16384	81	85	-1	-1	2	\N
1166	704	18728	16384	81	85	-1	-1	2	\N
1167	705	14446	16384	71	75	-1	-1	3	\N
1168	705	14447	16384	71	75	-1	-1	3	\N
1169	705	14467	16384	72	76	-1	-1	1	\N
1170	705	14468	16384	72	76	-1	-1	1	\N
1171	705	14469	16384	72	76	-1	-1	1	\N
1172	705	0	16384	77	81	-1	-1	1	\N
1173	705	18552	16384	81	85	-1	-1	3	\N
1174	705	18553	16384	81	85	-1	-1	3	\N
1175	705	18554	16384	81	85	-1	-1	3	\N
1176	705	18573	16384	82	86	-1	-1	1	\N
1177	705	18574	16384	82	86	-1	-1	1	\N
1178	705	18575	16384	82	86	-1	-1	1	\N
1179	701	203	32768	1	21	-1	-1	2	\N
1180	701	213	32768	4	27	-1	-1	2	\N
1181	701	4056	32768	8	22	-1	-1	2	\N
1182	701	95	32768	22	47	-1	-1	2	\N
1183	701	4057	32768	23	37	-1	-1	2	\N
1184	701	96	32768	28	50	-1	-1	2	\N
1185	701	2946	32768	38	53	-1	-1	2	\N
1186	701	97	32768	48	57	-1	-1	2	\N
1187	701	3693	32768	51	83	-1	-1	3	\N
1188	701	2880	32768	54	255	-1	-1	2	\N
1189	701	1525	32768	58	83	-1	-1	2	\N
1190	708	203	32768	5	33	-1	-1	2	\N
1191	708	213	32768	11	55	-1	-1	2	\N
1192	708	4056	32768	19	33	-1	-1	2	\N
1193	708	95	32768	34	61	-1	-1	2	\N
1194	708	4057	32768	34	44	-1	-1	2	\N
1195	708	2946	32768	45	59	-1	-1	2	\N
1196	708	96	32768	56	61	-1	-1	2	\N
1197	708	2880	32768	60	255	-1	-1	2	\N
1198	708	3190	32768	62	66	-1	-1	2	\N
1199	708	5283	32768	67	80	-1	-1	2	\N
1200	710	203	32768	13	60	-1	-1	2	\N
1201	710	213	32768	22	60	-1	-1	2	\N
1202	710	95	32768	61	72	-1	-1	2	\N
1203	710	96	32768	61	72	-1	-1	2	\N
1204	709	213	32768	19	255	-1	-1	2	\N
1205	707	213	32768	4	27	-1	-1	2	\N
1206	707	203	32768	5	27	-1	-1	2	\N
1207	707	95	32768	28	51	-1	-1	2	\N
1208	707	96	32768	28	51	-1	-1	2	\N
1209	707	3693	32768	52	83	-1	-1	2	\N
1210	711	3682	32768	45	85	-1	-1	2	\N
1211	711	3681	32768	52	85	-1	-1	2	\N
1212	706	213	32768	1	21	-1	-1	2	\N
1213	706	203	32768	2	25	-1	-1	2	\N
1214	706	4056	32768	9	23	-1	-1	2	\N
1215	706	96	32768	22	47	-1	-1	2	\N
1216	706	4057	32768	24	37	-1	-1	2	\N
1217	706	95	32768	26	51	-1	-1	2	\N
1218	706	2946	32768	38	53	-1	-1	2	\N
1219	706	98	32768	48	51	-1	-1	2	\N
1220	706	2526	32768	52	84	-1	-1	2	\N
1221	706	3842	32768	52	84	-1	-1	2	\N
1222	706	2880	32768	54	255	-1	-1	2	\N
1223	712	213	32768	4	44	-1	-1	2	\N
1224	712	203	32768	13	60	-1	-1	2	\N
1225	712	96	32768	45	62	-1	-1	2	\N
1226	712	95	32768	61	255	-1	-1	2	\N
1227	712	98	32768	63	255	-1	-1	2	\N
1228	701	14267	32768	74	78	-1	-1	2	\N
1229	701	14268	32768	74	78	-1	-1	2	\N
1230	701	14269	32768	74	78	-1	-1	2	\N
1231	701	18306	32768	84	255	-1	-1	2	\N
1232	701	18307	32768	84	255	-1	-1	2	\N
1233	701	18308	32768	84	255	-1	-1	2	\N
1234	701	18389	32768	84	255	-1	-1	2	\N
1235	701	18390	32768	84	255	-1	-1	2	\N
1236	701	18391	32768	84	255	-1	-1	2	\N
1237	708	19128	32768	81	255	-1	-1	2	\N
1238	708	19129	32768	81	255	-1	-1	2	\N
1239	708	19130	32768	81	255	-1	-1	2	\N
1240	710	14955	32768	73	77	-1	-1	2	\N
1241	710	14956	32768	73	77	-1	-1	2	\N
1242	710	0	32768	78	82	-1	-1	2	\N
1243	710	19146	32768	83	87	-1	-1	2	\N
1244	710	19147	32768	83	87	-1	-1	2	\N
1245	710	19148	32768	83	87	-1	-1	2	\N
1246	707	9700	32768	71	83	-1	-1	2	\N
1247	707	9701	32768	71	83	-1	-1	2	\N
1248	707	9702	32768	71	83	-1	-1	2	\N
1249	707	18389	32768	84	88	-1	-1	2	\N
1250	707	18390	32768	84	88	-1	-1	2	\N
1251	707	18391	32768	84	88	-1	-1	2	\N
1252	711	14027	32768	79	83	-1	-1	2	\N
1253	711	14028	32768	79	83	-1	-1	2	\N
1254	711	14029	32768	79	83	-1	-1	2	\N
1255	711	18021	32768	84	85	-1	-1	2	\N
1256	711	18022	32768	84	85	-1	-1	2	\N
1257	711	18023	32768	84	85	-1	-1	2	\N
1258	706	9700	32768	72	73	-1	-1	2	\N
1259	706	9701	32768	72	73	-1	-1	2	\N
1260	706	9702	32768	72	73	-1	-1	2	\N
1261	706	14387	32768	74	78	-1	-1	2	\N
1262	706	14388	32768	74	78	-1	-1	2	\N
1263	706	14389	32768	74	78	-1	-1	2	\N
1264	706	0	32768	79	83	-1	-1	2	\N
1265	706	18467	32768	84	88	-1	-1	2	\N
1266	706	18468	32768	84	88	-1	-1	2	\N
1267	706	18469	32768	84	88	-1	-1	2	\N
1268	706	19513	32768	85	89	-1	-1	2	\N
1269	706	19514	32768	85	89	-1	-1	2	\N
1270	706	19515	32768	85	89	-1	-1	2	\N
