1	4	-100	r5
2	4	-100	r6
3	4	-100	r9
4	4	-500	r10
5	4	500	r11
6	4	-500	r14
7	4	-200	r42
8	4	-500	r75
9	4	600	r128
10	4	-100	r130
11	4	-500	r367
12	5	-100	r5
13	5	-100	r6
14	5	-100	r9
15	5	-500	r10
16	5	500	r11
17	5	-500	r14
18	5	-200	r42
19	5	-500	r75
20	5	600	r128
21	5	-100	r130
22	5	-500	r367
23	9	-100	c5
24	9	-100	c11
25	9	-350	r6
26	9	-500	r9
27	9	-500	r10
28	9	-1000	r14
29	9	-750	r128
30	9	-1000	r161
31	9	-1000	r367
32	9	-150	d201
33	9	-150	d203
34	9	-150	d206
35	9	50	d207
36	9	50	d215
37	11	-500	c5
38	11	-50	c9
39	11	-750	c11
40	11	500	c12
41	11	500	c13
42	11	500	c14
43	11	-150	r6
44	11	-500	r9
45	11	-500	r10
46	11	-1500	r14
47	11	-250	r42
48	11	-250	r75
49	11	-250	r108
50	11	-750	r128
51	11	-1500	r161
52	11	-1500	r367
53	11	-1000	d201
54	11	-500	d203
55	11	250	d204
56	11	50	d206
57	11	-500	d207
58	11	250	d208
59	11	250	d210
60	11	-50	d211
61	11	250	d212
62	11	250	d215
63	11	-50	d216
64	12	101	c7
65	12	-102	r128
66	14	-150	r6
67	14	-500	r9
68	14	-500	r10
69	14	-1000	r14
70	14	-250	r75
71	14	-250	r108
72	14	-50	r128
73	14	-1000	r161
74	14	-1000	r367
75	17	-250	c3
76	17	750	c5
77	17	750	c11
78	17	150	d201
79	17	200	d203
80	17	200	d207
81	21	200	c5
82	21	200	c11
83	21	-1000	r14
84	21	-500	r42
85	21	-500	r128
86	21	-100	r130
87	21	300	d201
88	21	-500	d202
89	21	150	d203
90	21	-1000	d204
91	21	-500	d205
92	21	125	d207
93	21	-1000	d208
94	21	-500	d209
95	21	-1000	d210
96	21	-500	d211
97	21	-1000	d212
98	21	-250	d213
99	21	-500	d214
100	21	-1000	d215
101	21	-250	d216
102	23	-500	r14
103	23	-500	r42
104	23	-500	r75
105	23	-500	r108
106	23	-1000	r128
107	23	-500	r161
108	23	-500	r367
109	24	700	r128
110	26	75	c4
111	26	100	c6
112	26	500	r42
113	28	-500	r11
114	28	-500	r12
115	28	-500	r14
116	28	-1000	r128
117	30	700	r128
118	33	400	c9
119	33	-500	d201
120	33	-500	d203
121	33	-500	d207
122	35	-700	r6
123	35	-700	r9
124	35	-700	r10
125	35	-700	r128
126	36	100	c3
127	36	25	c4
128	36	-50	c5
129	36	25	c6
130	36	25	c8
131	36	-20	c9
132	36	-100	c11
133	36	1500	r1
134	36	250	r2
135	36	250	r3
136	36	250	r4
137	36	200	r5
138	36	-100	r6
139	36	1500	r7
140	36	100	r8
141	36	-200	r9
142	36	-100	r10
143	36	300	r11
144	36	100	r12
145	36	-200	r128
146	36	50	r130
147	36	-1000	d206
148	36	100	d208
149	36	100	d212
150	40	-250	r3
151	40	-250	r4
152	40	-250	r5
153	40	-100	r6
154	40	-100	r7
155	40	-100	r9
156	40	-100	r10
157	40	-350	r11
158	40	-750	r12
159	40	-1000	r14
160	40	-100	r128
161	40	-350	r130
162	41	-500	r8
163	41	-500	r11
164	41	-500	r14
165	41	-500	r42
166	41	-500	r75
167	41	-500	r108
168	41	-500	r161
169	41	-500	r367
170	42	-150	r9
171	42	-150	r10
172	42	-1000	r14
173	42	-250	r42
174	42	-500	r75
175	42	-250	r108
176	42	-1000	r161
177	42	-1000	r367
178	42	-250	d201
179	42	-50	d202
180	42	-250	d203
181	42	-250	d207
182	42	-500	d211
183	42	-50	d214
184	42	750	d216
185	43	50	c2
186	43	50	c3
187	43	99	r1
188	43	99	r2
189	43	101	r4
190	43	199	r5
191	43	-900	r6
192	43	101	r7
193	43	99	r8
194	43	-600	r9
195	43	-600	r10
196	43	99	r11
197	43	99	r12
198	43	-1500	r14
199	43	-50	r42
200	43	-250	r75
201	43	-150	r108
202	43	-300	r128
203	43	99	r130
204	43	-1500	r161
205	43	-1500	r367
206	43	-600	d201
207	43	-600	d203
208	43	-600	d206
209	43	1	d208
210	43	-1	d209
211	43	-1	d212
212	44	100	c2
213	44	100	c3
214	44	-150	c5
215	44	-250	c11
216	44	50	r4
217	44	50	r5
218	44	-250	r6
219	44	50	r7
220	44	500	r8
221	44	-500	r9
222	44	-750	r10
223	44	150	r11
224	44	250	r12
225	44	-1500	r14
226	44	-250	r42
227	44	-500	r75
228	44	-250	r108
229	44	-400	r128
230	44	-1500	r161
231	44	-1500	r367
232	44	-500	d201
233	44	750	d202
234	44	-500	d203
235	44	50	d204
236	44	150	d205
237	44	50	d206
238	44	-500	d207
239	44	50	d208
240	44	50	d210
241	44	-250	d211
242	44	50	d212
243	44	50	d215
244	47	-700	c9
245	47	-700	r6
246	47	-700	r9
247	47	-700	r10
248	47	-700	r128
249	47	-50	d214
250	48	-700	c9
251	48	-700	r6
252	48	-700	r9
253	48	-700	r10
254	48	-700	r128
255	48	-50	d214
256	49	-100	c5
257	49	-100	c11
258	49	-250	r9
259	49	-250	r10
260	49	-1000	r14
261	49	-1000	r75
262	49	-1000	r161
263	49	-1000	r367
264	49	-350	d203
265	49	-350	d211
266	51	100	c3
267	51	25	c4
268	51	-50	c5
269	51	25	c6
270	51	25	c8
271	51	-20	c9
272	51	-100	c11
273	51	1000	r1
274	51	150	r2
275	51	100	r3
276	51	250	r4
277	51	200	r5
278	51	-100	r6
279	51	1000	r7
280	51	100	r8
281	51	-200	r9
282	51	-100	r10
283	51	300	r11
284	51	100	r12
285	51	-1000	r14
286	51	-250	r42
287	51	-500	r75
288	51	-500	r108
289	51	-200	r128
290	51	50	r130
291	51	-1000	r161
292	51	-1000	r367
293	51	-500	d201
294	51	-500	d203
295	51	100	d204
296	51	50	d206
297	51	-500	d207
298	51	100	d208
299	51	100	d212
305	53	-250	r6
306	53	-100	r7
307	53	-50	r8
308	53	-50	r9
309	53	-150	r10
310	53	50	r11
311	53	50	r12
312	53	-250	r14
313	53	-250	r42
314	53	-750	r75
315	53	-250	r108
316	53	-500	r128
317	53	50	r130
318	53	-1500	r161
319	53	-250	r367
320	57	250	c1
321	57	-100	c3
322	57	-50	c4
323	57	-150	c5
324	57	-50	c6
325	57	50	c10
326	57	25	c15
327	57	-350	r1
328	57	-350	r2
329	57	-350	r3
330	57	-350	r4
331	57	-350	r5
332	57	-350	r7
333	57	-350	r8
334	57	500	r10
335	57	-350	r11
336	57	-350	r12
337	57	-1000	r14
338	57	-500	r42
339	57	-500	r75
340	57	-500	r108
341	57	-150	r128
342	57	-350	r130
343	57	-250	r161
344	57	-350	r367
345	57	100	d201
346	57	-150	d202
347	57	250	d203
348	57	-150	d204
349	57	-50	d205
350	57	-100	d206
351	57	100	d207
352	57	-250	d208
353	57	-50	d209
354	57	-200	d210
355	57	300	d211
356	57	-250	d212
357	57	-50	d213
358	57	-200	d214
359	57	-250	d215
360	57	-50	d216
361	61	-1500	c1
362	61	-1500	c2
363	61	-1500	c3
364	61	700	c4
365	61	-1500	c5
366	61	700	c6
367	61	-1500	c7
368	61	-1500	c8
369	61	-1500	c9
370	61	-1500	c10
371	61	-1500	c11
372	61	-1500	c12
373	61	-1500	c13
374	61	-1500	c14
375	61	-700	c15
376	62	1	c5
377	62	1102	r128
378	62	100	d203
379	63	-500	r4
380	63	-500	r5
381	63	800	r6
382	63	-250	r7
383	63	-250	r8
384	63	-500	r14
385	63	-500	r42
386	63	-500	r75
387	63	-500	r108
388	63	-250	r130
389	63	-500	r161
390	63	-500	r367
391	66	400	r6
392	66	1102	r9
393	66	900	r10
394	66	-1000	r14
395	66	-500	r42
396	66	-500	r75
397	66	-500	r108
398	66	-250	r161
399	66	-350	r367
400	66	1	d211
401	67	-100	c5
402	67	-100	c11
403	67	-250	r9
404	67	-250	r10
405	67	-1000	r14
406	67	-1000	r75
407	67	-1000	r161
408	67	-1000	r367
409	67	-350	d203
410	67	-350	d211
411	69	-100	r1
412	69	-700	r2
413	69	-100	r3
414	69	-700	r4
415	69	-700	r5
416	69	1	r6
417	69	-700	r7
418	69	-700	r8
419	69	-100	r9
420	69	-100	r10
421	69	-700	r11
422	69	-100	r12
423	69	-1000	r14
424	69	-500	r42
425	69	-100	r75
426	69	-100	r108
427	69	-700	r128
428	69	-700	r130
429	69	-100	r161
430	69	100	d201
431	69	-700	d202
432	69	100	d203
433	69	100	d206
434	69	-700	d208
435	69	-700	d210
436	70	-50	c2
437	70	-200	c3
438	70	-50	c4
439	70	-100	c6
440	70	500	c10
441	70	25	c11
442	70	250	c15
443	70	-350	r1
444	70	-350	r2
445	70	-350	r3
446	70	-350	r4
447	70	-350	r5
448	70	350	r6
449	70	-350	r7
450	70	-350	r8
451	70	500	r9
452	70	100	r10
453	70	-350	r11
454	70	-350	r12
455	70	-1000	r14
456	70	-500	r42
457	70	-500	r75
458	70	-500	r108
459	70	-150	r128
460	70	-350	r130
461	70	-250	r161
462	70	100	r367
463	70	100	d201
464	70	-150	d202
465	70	500	d203
466	70	-250	d204
467	70	-50	d205
468	70	-200	d206
469	70	250	d207
470	70	-250	d208
471	70	-50	d209
472	70	-200	d210
473	70	-250	d212
474	70	-50	d213
475	70	-200	d214
476	70	-250	d215
477	70	-50	d216
478	71	100	c5
479	71	500	r12
480	71	-1000	r14
481	71	-500	r42
482	71	-500	r128
483	71	-100	r130
484	71	200	d201
485	71	-500	d202
486	71	150	d203
487	71	-1000	d204
488	71	-500	d205
489	71	-500	d206
490	71	125	d207
491	71	-1000	d208
492	71	-500	d209
493	71	-1000	d210
494	71	-500	d211
495	71	-1000	d212
496	71	-250	d213
497	71	-500	d214
498	71	-1000	d215
499	71	-250	d216
500	75	-100	r1
501	75	-100	r2
502	75	-100	r3
503	75	-500	r4
504	75	-500	r5
505	75	-100	r6
506	75	-250	r7
507	75	-250	r8
508	75	-500	r14
509	75	-500	r42
510	75	-500	r75
511	75	-500	r108
512	75	-250	r128
513	75	-250	r130
514	75	-500	r161
515	75	-500	r367
516	76	100	c2
517	76	100	c3
518	76	-150	c5
519	76	-250	c11
520	76	50	r4
521	76	50	r5
522	76	-250	r6
523	76	50	r7
524	76	250	r8
525	76	-500	r9
526	76	-750	r10
527	76	150	r11
528	76	500	r12
529	76	-1500	r14
530	76	-250	r42
531	76	-500	r75
532	76	-250	r108
533	76	-400	r128
534	76	-1500	r161
535	76	-1500	r367
536	76	-500	d201
537	76	750	d202
538	76	-500	d203
539	76	50	d204
540	76	150	d205
541	76	50	d206
542	76	-500	d207
543	76	50	d208
544	76	50	d210
545	76	-250	d211
546	76	50	d212
547	76	50	d215
548	82	1000	d203
549	86	100	c5
550	86	-1000	r14
551	86	-500	r42
552	86	-500	r128
553	86	-100	r130
554	86	200	d201
555	86	-500	d202
556	86	150	d203
557	86	-1000	d204
558	86	-500	d205
559	86	200	d206
560	86	125	d207
561	86	-1000	d208
562	86	-500	d209
563	86	-1000	d210
564	86	-500	d211
565	86	-1000	d212
566	86	-250	d213
567	86	-500	d214
568	86	-1000	d215
569	86	-250	d216
570	87	-201	r1
571	87	-500	r2
572	87	-500	r4
573	87	-500	r5
574	87	500	r6
575	87	-500	r8
576	87	-500	r11
577	87	-1000	r128
578	87	-300	r130
579	87	-201	r522
580	87	-500	d202
581	87	101	d206
582	87	-500	d208
583	87	-500	d210
584	88	-201	r1
585	88	-500	r2
586	88	-500	r4
587	88	-500	r5
588	88	500	r6
589	88	-500	r8
590	88	-500	r11
591	88	-1000	r128
592	88	-300	r130
593	88	-201	r522
594	88	-500	d202
595	88	101	d206
596	88	-500	d208
597	88	-500	d210
598	91	-150	c5
599	91	-250	c11
600	91	250	c12
601	91	250	c13
602	91	250	c14
603	91	50	r4
604	91	50	r5
605	91	-250	r6
606	91	50	r7
607	91	500	r8
608	91	-500	r9
609	91	-750	r10
610	91	150	r11
611	91	250	r12
612	91	-1500	r14
613	91	-250	r42
614	91	-500	r75
615	91	-250	r108
616	91	-400	r128
617	91	-1500	r161
618	91	-1500	r367
619	91	-500	d201
620	91	250	d202
621	91	-500	d203
622	91	50	d204
623	91	150	d205
624	91	50	d206
625	91	-500	d207
626	91	50	d208
627	91	50	d210
628	91	-250	d211
629	91	50	d212
630	91	50	d215
631	92	99	r1
632	92	99	r2
633	92	201	r4
634	92	101	r5
635	92	-900	r6
636	92	201	r7
637	92	99	r8
638	92	-600	r9
639	92	-600	r10
640	92	99	r11
641	92	99	r12
642	92	-1000	r14
643	92	-100	r42
644	92	-500	r75
645	92	-500	r108
646	92	-300	r128
647	92	99	r130
648	92	-1000	r161
649	92	-1000	r367
650	92	-600	d201
651	92	-600	d203
652	92	-600	d206
653	92	1	d208
654	92	-1	d209
655	92	-1	d212
656	99	50	c4
657	99	99	r1
658	99	99	r2
659	99	201	r4
660	99	101	r5
661	99	-900	r6
662	99	201	r7
663	99	99	r8
664	99	-600	r9
665	99	-600	r10
666	99	99	r11
667	99	99	r12
668	99	-1500	r14
669	99	-50	r42
670	99	-250	r75
671	99	-150	r108
672	99	-300	r128
673	99	99	r130
674	99	-1500	r161
675	99	-1500	r367
676	99	-600	d201
677	99	-600	d203
678	99	100	d204
679	99	-600	d206
680	99	1	d208
681	99	-1	d209
682	99	-1	d212
683	101	99	r1
684	101	99	r2
685	101	201	r4
686	101	101	r5
687	101	-900	r6
688	101	201	r7
689	101	99	r8
690	101	-600	r9
691	101	-600	r10
692	101	99	r11
693	101	99	r12
694	101	-1000	r14
695	101	-100	r42
696	101	-500	r75
697	101	-500	r108
698	101	-300	r128
699	101	99	r130
700	101	-1000	r161
701	101	-1000	r367
702	101	-600	d201
703	101	-600	d203
704	101	-600	d206
705	101	1	d208
706	101	-1	d209
707	101	-1	d212
708	105	100	r1
709	105	50	r2
710	105	1	r4
711	105	1	r5
712	105	-600	r6
713	105	100	r7
714	105	-800	r9
715	105	-800	r10
716	105	-1000	r14
717	105	-250	r42
718	105	-500	r75
719	105	-500	r108
720	105	-800	r128
721	105	-1000	r161
722	105	-1000	r367
723	105	-100	d201
724	105	-100	d204
725	105	100	d205
726	105	50	d211
727	105	-51	d214
728	105	-1	d215
729	106	125	c3
730	106	50	c4
731	106	-250	c5
732	106	50	c6
733	106	-250	c11
734	106	-250	r6
735	106	-750	r9
736	106	-500	r10
737	106	-1000	r14
738	106	-250	r42
739	106	-500	r75
740	106	-250	r108
741	106	-1000	r161
742	106	-1000	r367
743	108	125	c3
744	108	50	c4
745	108	-250	c5
746	108	50	c6
747	108	-250	c11
748	108	-250	r6
749	108	-750	r9
750	108	-500	r10
751	108	-1000	r14
752	108	-250	r42
753	108	-500	r75
754	108	-250	r108
755	108	-750	r128
756	108	-1000	r161
757	108	-1000	r367
758	109	125	c3
759	109	50	c4
760	109	-250	c5
761	109	50	c6
762	109	-250	c11
763	109	-250	r6
764	109	-750	r9
765	109	-500	r10
766	109	-1000	r14
767	109	-250	r42
768	109	-500	r75
769	109	-250	r108
770	109	-750	r128
771	109	-1000	r161
772	109	-1000	r367
773	115	1	c6
774	115	1	c9
775	115	98	r4
776	115	-601	r6
777	115	98	r8
778	115	-900	r9
779	115	-601	r10
780	115	201	r12
781	115	-1000	r14
782	115	-250	r42
783	115	-100	r75
784	115	-100	r108
785	115	-299	r128
786	115	-1000	r161
787	115	-1000	r367
788	115	-600	d201
789	115	-601	d203
790	115	1	d205
791	115	-600	d206
792	115	1	d215
793	117	2000	r6
794	118	-100	r3
795	118	-500	r4
796	118	-500	r5
797	118	100	r6
798	118	-250	r7
799	118	-100	r8
800	118	-150	r12
801	118	-1000	r14
802	118	-500	r128
803	121	-500	r11
804	121	-500	r12
805	121	-500	r14
806	121	-750	r128
807	128	-150	c1
808	128	-50	c2
809	128	-400	c3
810	128	-100	c4
811	128	500	c5
812	128	-100	c6
813	128	50	c10
814	128	200	c11
815	128	25	c15
816	128	-350	r1
817	128	-350	r2
818	128	-350	r3
819	128	-350	r4
820	128	-350	r5
821	128	-250	r7
822	128	-250	r8
823	128	150	r9
824	128	500	r10
825	128	-350	r11
826	128	-350	r12
827	128	-1000	r14
828	128	-500	r42
829	128	-500	r75
830	128	-500	r108
831	128	-150	r128
832	128	-350	r130
833	128	-250	r161
834	128	100	d201
835	128	-250	d202
836	128	250	d203
837	128	-250	d204
838	128	-50	d205
839	128	-200	d206
840	128	100	d207
841	128	-250	d208
842	128	-50	d209
843	128	-200	d210
844	128	250	d211
845	128	-250	d212
846	128	-50	d213
847	128	-200	d214
848	128	-250	d215
849	128	-50	d216
850	131	1000	r6
851	131	1701	r9
852	131	1000	r10
853	131	-1000	r14
854	131	-500	r42
855	131	-500	r75
856	131	-250	r161
857	131	-250	r367
858	132	701	r130
859	133	-50	r3
860	133	-100	r5
861	133	-700	r6
862	133	1	r8
863	133	-800	r9
864	133	-800	r10
865	133	101	r11
866	133	-1000	r14
867	133	-100	r42
868	133	-500	r75
869	133	-500	r108
870	133	-500	r128
871	133	-1000	r161
872	133	-1000	r367
873	133	-600	d201
874	133	-800	d203
875	133	-1	d205
876	133	-600	d206
877	133	100	d207
878	133	50	d210
879	133	-50	d214
880	133	-50	d216
881	135	100	r1
882	135	-600	r6
883	135	-900	r9
884	135	-800	r10
885	135	-450	r14
886	135	-250	r42
887	135	-750	r75
888	135	-250	r108
889	135	-300	r128
890	135	-1500	r161
891	135	-450	r367
892	135	-299	d201
893	135	-700	d203
894	135	-299	d205
895	135	-299	d206
896	135	100	d207
897	135	100	d208
898	135	-299	d216
899	136	-1000	r6
900	136	-1000	r9
901	136	-1000	r10
902	136	-1000	r128
903	138	-700	r6
904	138	-700	r9
905	138	-700	r10
906	138	-700	r128
907	143	598	r3
908	143	-300	r5
909	143	601	r6
910	143	-301	r9
911	143	-301	r10
912	143	-1000	r14
913	143	-500	r42
914	143	-301	r128
915	143	-100	r130
916	143	-299	d202
917	143	204	d203
918	143	-299	d204
919	143	-601	d205
920	143	-601	d206
921	143	-299	d207
922	143	-299	d208
923	143	-601	d209
924	143	-601	d210
925	143	-299	d212
926	143	-601	d213
927	143	-299	d214
928	143	-299	d215
929	143	-299	d216
930	145	25	c2
931	145	50	c3
932	145	-100	c5
933	145	-50	c9
934	145	-100	c11
935	145	50	c12
936	145	50	c13
937	145	50	c14
938	145	200	r1
939	145	-50	r2
940	145	1500	r3
941	145	50	r4
942	145	100	r5
943	145	-100	r6
944	145	150	r7
945	145	-250	r9
946	145	-250	r10
947	145	50	r12
948	145	-250	r128
949	145	-100	r130
950	145	-1000	d201
951	145	-1000	d203
952	145	50	d204
953	145	-1000	d206
954	145	150	d209
955	145	150	d210
956	145	50	d212
957	145	100	d213
958	147	100	r3
959	147	-300	r6
960	147	-1	r8
961	147	-601	r9
962	147	-601	r10
963	147	-601	r128
964	147	-600	d201
965	147	-600	d203
966	147	-600	d206
967	148	100	c3
968	148	25	c4
969	148	-50	c5
970	148	25	c6
971	148	25	c8
972	148	-20	c9
973	148	-50	c11
974	148	500	r1
975	148	250	r2
976	148	200	r3
977	148	250	r4
978	148	200	r5
979	148	-75	r6
980	148	400	r7
981	148	100	r8
982	148	-150	r9
983	148	-75	r10
984	148	300	r11
985	148	100	r12
986	148	-1000	r14
987	148	-250	r42
988	148	-500	r75
989	148	-500	r108
990	148	-200	r128
991	148	50	r130
992	148	-1000	r161
993	148	-1000	r367
994	148	-150	d201
995	148	-150	d203
996	148	100	d204
997	148	50	d206
998	148	-150	d207
999	148	100	d208
1000	148	100	d212
1001	149	100	r1
1002	149	-600	r6
1003	149	-900	r9
1004	149	-800	r10
1005	149	-450	r14
1006	149	-250	r42
1007	149	-750	r75
1008	149	-250	r108
1009	149	-300	r128
1010	149	-1500	r161
1011	149	-450	r367
1012	149	-299	d201
1013	149	-700	d203
1014	149	-299	d205
1015	149	-299	d206
1016	149	100	d207
1017	149	100	d208
1018	149	-299	d216
1019	153	400	r1
1020	155	-201	r1
1021	155	-500	r2
1022	155	-500	r4
1023	155	-500	r5
1024	155	500	r6
1025	155	-500	r8
1026	155	-500	r11
1027	155	-1000	r128
1028	155	-300	r130
1029	155	-500	d202
1030	155	101	d206
1031	155	-500	d208
1032	155	-500	d210
1033	159	50	c3
1034	159	1000	c4
1035	159	-150	c5
1036	159	1000	c6
1037	159	-25	c9
1038	159	50	c10
1039	159	-100	c11
1040	159	50	c15
1041	159	-150	r6
1042	159	-150	r9
1043	159	-150	r10
1044	159	-1000	r14
1045	159	-500	r75
1046	159	-500	r108
1047	159	-100	r128
1048	159	-1000	r161
1049	159	-1000	r367
1050	159	-500	d201
1051	159	-500	d203
1052	159	50	d204
1053	159	350	d206
1054	159	-500	d207
1055	159	50	d208
1056	159	50	d210
1057	159	50	d212
1058	159	350	d215
1059	162	25	c1
1060	162	25	c2
1061	162	50	c3
1062	162	-100	c5
1063	162	-25	c9
1064	162	-100	c11
1065	162	100	r1
1066	162	100	r2
1067	162	100	r3
1068	162	250	r4
1069	162	250	r5
1070	162	-150	r6
1071	162	250	r7
1072	162	1500	r8
1073	162	-250	r9
1074	162	-250	r10
1075	162	300	r11
1076	162	350	r12
1077	162	-1000	r14
1078	162	-250	r42
1079	162	-500	r75
1080	162	-500	r108
1081	162	-250	r128
1082	162	-1000	r161
1083	162	-1000	r367
1084	162	-500	d201
1085	162	150	d202
1086	162	-500	d203
1087	162	25	d204
1088	162	50	d205
1089	162	-500	d207
1090	162	25	d208
1091	162	25	d210
1092	162	25	d211
1093	162	25	d212
1094	162	25	d215
1095	167	100	c3
1096	167	25	c4
1097	167	-50	c5
1098	167	25	c6
1099	167	25	c8
1100	167	-20	c9
1101	167	-100	c11
1102	167	1000	r1
1103	167	150	r2
1104	167	100	r3
1105	167	250	r4
1106	167	200	r5
1107	167	-100	r6
1108	167	1000	r7
1109	167	100	r8
1110	167	-200	r9
1111	167	-100	r10
1112	167	300	r11
1113	167	100	r12
1114	167	-1000	r14
1115	167	-250	r42
1116	167	-500	r75
1117	167	-500	r108
1118	167	-200	r128
1119	167	50	r130
1120	167	-1000	r161
1121	167	-1000	r367
1122	167	-500	d201
1123	167	-500	d203
1124	167	100	d204
1125	167	50	d206
1126	167	-500	d207
1127	167	100	d208
1128	167	100	d212
1129	169	25	c1
1130	169	25	c2
1131	169	50	c3
1132	169	-100	c5
1133	169	-25	c9
1134	169	-100	c11
1135	169	100	r1
1136	169	100	r2
1137	169	100	r3
1138	169	250	r4
1139	169	250	r5
1140	169	-150	r6
1141	169	250	r7
1142	169	1500	r8
1143	169	-250	r9
1144	169	-250	r10
1145	169	300	r11
1146	169	350	r12
1147	169	-250	r128
1148	169	-500	d201
1149	169	150	d202
1150	169	-500	d203
1151	169	25	d204
1152	169	50	d205
1153	169	-500	d206
1154	169	25	d208
1155	169	25	d210
1156	169	25	d211
1157	169	25	d212
1158	169	25	d215
1159	170	25	c2
1160	170	25	c3
1161	170	-250	c5
1162	170	-500	c11
1163	170	250	c12
1164	170	250	c13
1165	170	250	c14
1166	170	-25	r2
1167	170	250	r4
1168	170	500	r5
1169	170	-600	r6
1170	170	250	r7
1171	170	25	r8
1172	170	-500	r9
1173	170	-500	r10
1174	170	25	r12
1175	170	-1500	r14
1176	170	-50	r42
1177	170	-250	r75
1178	170	-150	r108
1179	170	-400	r128
1180	170	-1500	r161
1181	170	-1500	r367
1182	170	-500	d201
1183	170	100	d204
1184	170	50	d206
1185	170	-500	d207
1186	170	100	d208
1187	170	50	d210
1188	170	-100	d211
1189	170	50	d212
1190	170	250	d215
1191	173	-350	r3
1192	173	250	r4
1193	173	150	r5
1194	173	-750	r6
1195	173	150	r7
1196	173	-750	r9
1197	173	-750	r10
1198	173	250	r11
1199	173	-1000	r14
1200	173	300	r42
1201	173	-1000	r75
1202	173	-750	r128
1203	173	1000	r130
1204	173	-1000	r367
1205	174	99	r3
1206	174	201	r4
1207	174	100	r5
1208	174	-600	r6
1209	174	100	r7
1210	174	-600	r9
1211	174	-600	r10
1212	174	99	r11
1213	174	-1000	r14
1214	174	-100	r42
1215	174	-500	r75
1216	174	-500	r108
1217	174	-100	r128
1218	174	-1000	r161
1219	174	-1000	r367
1220	174	-600	d201
1221	174	-600	d203
1222	174	-600	d206
1223	174	1	d207
1224	174	1	d210
1225	175	-1000	r3
1226	175	-1000	r6
1227	175	-1000	r9
1228	175	-1000	r10
1229	175	-1000	r42
1230	175	-1000	r128
1231	176	1	c6
1232	176	1	c9
1233	176	98	r4
1234	176	-601	r6
1235	176	98	r8
1236	176	-900	r9
1237	176	-601	r10
1238	176	100	r12
1239	176	-1000	r14
1240	176	-250	r42
1241	176	-100	r75
1242	176	-100	r108
1243	176	-299	r128
1244	176	-1000	r161
1245	176	-1000	r367
1246	176	-600	d201
1247	176	-601	d203
1248	176	1	d205
1249	176	-600	d206
1250	176	1	d215
1251	178	25	c2
1252	178	100	c3
1253	178	25	c4
1254	178	-100	c5
1255	178	25	c6
1256	178	-25	c9
1257	178	-100	c11
1258	178	50	c12
1259	178	50	c13
1260	178	50	c14
1261	178	200	r1
1262	178	200	r3
1263	178	1500	r4
1264	178	1500	r5
1265	178	-500	r6
1266	178	750	r7
1267	178	100	r8
1268	178	-250	r9
1269	178	-250	r10
1270	178	100	r11
1271	178	150	r12
1272	178	-250	r128
1273	178	-500	d206
1274	178	50	d208
1275	178	50	d210
1276	178	100	d212
1277	178	150	d215
1278	179	100	r9
1279	179	100	r10
1280	179	200	d203
1281	179	200	d211
1282	182	100	c3
1283	182	25	c4
1284	182	-50	c5
1285	182	25	c6
1286	182	25	c8
1287	182	-20	c9
1288	182	-100	c11
1289	182	1000	r1
1290	182	150	r2
1291	182	100	r3
1292	182	250	r4
1293	182	200	r5
1294	182	-100	r6
1295	182	1000	r7
1296	182	100	r8
1297	182	-200	r9
1298	182	-100	r10
1299	182	300	r11
1300	182	100	r12
1301	182	-1000	r14
1302	182	-250	r42
1303	182	-500	r75
1304	182	-500	r108
1305	182	-200	r128
1306	182	50	r130
1307	182	-1000	r161
1308	182	-1000	r367
1309	182	-500	d201
1310	182	-500	d203
1311	182	100	d204
1312	182	50	d206
1313	182	-500	d207
1314	182	100	d208
1315	182	100	d212
1316	183	100	c1
1317	183	250	c3
1318	183	-500	c5
1319	183	-50	c9
1320	183	-600	c11
1321	183	-350	r6
1322	183	-500	r9
1323	183	-500	r10
1324	183	-1500	r14
1325	183	-250	r42
1326	183	-250	r75
1327	183	-250	r108
1328	183	-750	r128
1329	183	-1500	r161
1330	183	-1500	r367
1331	183	-500	d201
1332	183	-500	d203
1333	183	500	d204
1334	183	-500	d206
1335	183	1000	d207
1336	183	750	d208
1337	183	500	d210
1338	183	-50	d211
1339	183	750	d212
1340	183	500	d215
1341	183	-50	d216
1342	184	100	r1
1343	184	50	r2
1344	184	1	r4
1345	184	1	r5
1346	184	-600	r6
1347	184	100	r7
1348	184	-800	r9
1349	184	-800	r10
1350	184	-1000	r14
1351	184	-250	r42
1352	184	-500	r75
1353	184	-500	r108
1354	184	-800	r128
1355	184	-1000	r161
1356	184	-1000	r367
1357	184	-100	d201
1358	184	-100	d204
1359	184	100	d205
1360	184	50	d211
1361	184	-51	d214
1362	184	-1	d215
1363	187	-500	r8
1364	187	-250	r11
1365	187	-250	r12
1366	187	-500	r14
1367	187	-500	r75
1368	187	-500	r108
1369	187	-500	r161
1370	187	-500	r367
1371	188	-650	r8
1372	188	100	r9
1373	188	100	r10
1374	188	-350	r11
1375	188	-350	r12
1376	188	-1000	r14
1377	188	-200	r42
1378	188	-1000	r75
1379	188	-250	r108
1380	188	-75	r128
1381	188	-25	r130
1382	188	-1000	r161
1383	188	-1000	r367
1384	188	-150	d201
1385	188	-250	d202
1386	188	-150	d203
1387	188	-150	d207
1388	188	-50	d208
1389	188	-350	d210
1390	188	250	d211
1391	188	-1000	d216
1392	189	300	r9
1393	189	300	r10
1394	189	600	d203
1395	189	600	d211
1396	191	299	c8
1397	191	900	c9
1398	192	-100	c5
1399	192	500	c8
1400	192	-100	c11
1401	192	-350	r6
1402	192	-500	r9
1403	192	-500	r10
1404	192	-1500	r14
1405	192	-250	r42
1406	192	-250	r75
1407	192	-250	r108
1408	192	-750	r128
1409	192	-1500	r161
1410	192	-1500	r367
1411	192	-150	d201
1412	192	-150	d203
1413	192	50	d204
1414	192	50	d206
1415	192	-150	d207
1416	192	50	d208
1417	192	50	d210
1418	192	50	d212
1419	192	50	d215
1420	193	1	c1
1421	193	1102	r128
1422	193	100	d203
1423	207	1000	r4
1424	208	-50	r3
1425	208	-100	r5
1426	208	-700	r6
1427	208	1	r8
1428	208	-800	r9
1429	208	-800	r10
1430	208	101	r11
1431	208	-1000	r14
1432	208	-100	r42
1433	208	-500	r75
1434	208	-500	r108
1435	208	-500	r128
1436	208	-1000	r161
1437	208	-1000	r367
1438	208	-600	d201
1439	208	-800	d203
1440	208	-1	d205
1441	208	-600	d206
1442	208	100	d207
1443	208	50	d210
1444	208	-50	d214
1445	208	-50	d216
1446	210	-1	c9
1447	210	1	r1
1448	210	-1	r6
1449	210	99	r8
1450	210	-600	r9
1451	210	-600	r10
1452	210	100	r12
1453	210	-1000	r14
1454	210	-250	r42
1455	210	-100	r75
1456	210	-100	r108
1457	210	-600	r128
1458	210	-1000	r161
1459	210	-1000	r367
1460	210	-1	d201
1461	210	1	d202
1462	210	-1	d203
1463	210	1	d213
1464	211	98	c1
1465	211	-1	c5
1466	211	-2	c9
1467	211	-1	c11
1468	211	-1	r2
1469	211	100	r3
1470	211	-1	r4
1471	211	2	r8
1472	211	-600	r9
1473	211	-600	r10
1474	211	-1	r11
1475	211	-1000	r14
1476	211	-500	r42
1477	211	-250	r75
1478	211	-250	r108
1479	211	-1000	r161
1480	211	-1000	r367
1481	211	-1	d201
1482	211	-1	d202
1483	211	-600	d203
1484	211	-1	d205
1485	211	-1	d206
1486	211	-1	d207
1487	212	1	r1
1488	212	100	r3
1489	212	100	r5
1490	212	-600	r6
1491	212	100	r8
1492	212	-600	r9
1493	212	-600	r10
1494	212	-1000	r14
1495	212	-250	r42
1496	212	-250	r75
1497	212	-250	r108
1498	212	-300	r128
1499	212	-1000	r161
1500	212	-1000	r367
1501	212	-1	d201
1502	212	-600	d203
1503	212	-1	d205
1504	213	-5	c9
1505	213	200	r2
1506	213	100	r3
1507	213	-600	r6
1508	213	100	r8
1509	213	-600	r9
1510	213	-600	r10
1511	213	50	r11
1512	213	-1000	r14
1513	213	-100	r42
1514	213	-500	r75
1515	213	-500	r108
1516	213	-600	r128
1517	213	99	r130
1518	213	-1000	r161
1519	213	-1000	r367
1520	213	-700	d203
1521	213	-600	d206
1522	214	100	r1
1523	214	-600	r6
1524	214	-900	r9
1525	214	-800	r10
1526	214	-450	r14
1527	214	-250	r42
1528	214	-750	r75
1529	214	-250	r108
1530	214	-300	r128
1531	214	-1500	r161
1532	214	-450	r367
1533	214	-299	d201
1534	214	-700	d203
1535	214	-299	d205
1536	214	-299	d206
1537	214	100	d207
1538	214	100	d208
1539	214	-299	d216
1540	215	99	r2
1541	215	-600	r6
1542	215	201	r8
1543	215	-600	r9
1544	215	-600	r10
1545	215	99	r12
1546	215	-600	r128
1547	215	100	r130
1548	215	-600	d201
1549	215	1	d202
1550	215	-600	d203
1551	215	-1	d205
1552	215	-600	d206
1553	215	101	d214
1554	216	900	r6
1555	216	900	r9
1556	216	2000	r10
1557	216	-600	d213
1558	217	-50	r2
1559	217	-50	r3
1560	217	-50	r4
1561	217	-50	r5
1562	217	-700	r6
1563	217	-50	r8
1564	217	-800	r9
1565	217	-700	r10
1566	217	-50	r11
1567	217	-50	r12
1568	217	-300	r128
1569	217	-50	r130
1570	217	50	d202
1571	217	-700	d203
1572	217	-300	d205
1573	217	-300	d206
1574	217	50	d207
1575	217	50	d210
1576	218	-50	c9
1577	218	-600	r6
1578	218	100	r7
1579	218	50	r8
1580	218	-700	r9
1581	218	-700	r10
1582	218	201	r11
1583	218	-1000	r14
1584	218	-100	r42
1585	218	-500	r75
1586	218	-500	r108
1587	218	-500	r128
1588	218	-1000	r161
1589	218	-1000	r367
1590	218	-600	d201
1591	218	-600	d203
1592	218	-600	d206
1593	224	-150	r6
1594	224	-200	r9
1595	224	-200	r10
1596	224	-500	r14
1597	224	50	r42
1598	224	-500	r75
1599	224	-500	r108
1600	224	-50	r128
1601	224	-50	r130
1602	224	-500	r161
1603	224	-500	r367
1604	226	650	d213
1605	226	500	d216
1606	227	750	r6
1607	227	-1000	r14
1608	227	-250	r42
1609	227	-500	r75
1610	227	-500	r108
1611	227	-1000	r161
1612	227	-1000	r367
1613	232	1000	r6
1614	232	1000	r9
1615	232	2000	r10
1616	232	-1000	r14
1617	232	-500	r42
1618	232	-500	r75
1619	232	-500	r108
1620	232	-250	r161
1621	232	-250	r367
1622	232	-700	d213
1623	233	50	c1
1624	233	-100	c3
1625	233	-50	c4
1626	233	100	c5
1627	233	-50	c6
1628	233	50	c10
1629	233	50	c11
1630	233	25	c15
1631	233	-150	r1
1632	233	-150	r2
1633	233	-150	r3
1634	233	-150	r4
1635	233	-150	r5
1636	233	-150	r7
1637	233	-150	r8
1638	233	150	r9
1639	233	1500	r10
1640	233	-150	r11
1641	233	-150	r12
1642	233	-1000	r14
1643	233	-500	r42
1644	233	-500	r75
1645	233	-500	r108
1646	233	-150	r128
1647	233	-250	r130
1648	233	-250	r161
1649	233	-250	r367
1650	233	100	d201
1651	233	-150	d202
1652	233	150	d203
1653	233	-150	d204
1654	233	-50	d205
1655	233	-100	d206
1656	233	150	d207
1657	233	-150	d208
1658	233	-50	d209
1659	233	-100	d210
1660	233	-50	d211
1661	233	-150	d212
1662	233	-50	d213
1663	233	-100	d214
1664	233	-150	d215
1665	233	-50	d216
1666	235	200	c5
1667	235	200	c11
1668	235	-1000	r14
1669	235	-500	r42
1670	235	-500	r128
1671	235	-100	r130
1672	235	300	d201
1673	235	-500	d202
1674	235	150	d203
1675	235	-1000	d204
1676	235	-500	d205
1677	235	125	d207
1678	235	-1000	d208
1679	235	-500	d209
1680	235	-1000	d210
1681	235	-500	d211
1682	235	-1000	d212
1683	235	-250	d213
1684	235	-500	d214
1685	235	-1000	d215
1686	235	-250	d216
1687	240	50	c11
1688	240	50	c12
1689	240	50	c13
1690	240	50	c14
1691	240	-50	r2
1692	240	-50	r3
1693	240	-50	r4
1694	240	-50	r5
1695	240	-700	r6
1696	240	-50	r8
1697	240	-800	r9
1698	240	-700	r10
1699	240	-50	r11
1700	240	-50	r12
1701	240	-1500	r14
1702	240	-250	r42
1703	240	-250	r75
1704	240	-250	r108
1705	240	-300	r128
1706	240	-50	r130
1707	240	-1500	r161
1708	240	-1500	r367
1709	240	50	d202
1710	240	-700	d203
1711	240	-300	d205
1712	240	-300	d206
1713	240	50	d207
1714	240	50	d210
1715	241	25	c4
1716	241	25	c6
1717	241	25	c10
1718	241	-50	c11
1719	241	25	c15
1720	241	-50	r6
1721	241	-100	r9
1722	241	-100	r10
1723	241	-1000	r14
1724	241	-250	r75
1725	241	-250	r108
1726	241	-50	r128
1727	241	25	r130
1728	241	-1000	r161
1729	241	-1000	r367
1730	241	-100	d201
1731	241	-100	d203
1732	241	-100	d207
1733	241	250	d209
1734	243	1000	r11
1735	243	-500	r12
1736	243	-500	r14
1737	244	-300	r6
1738	244	100	r8
1739	244	-150	r9
1740	244	-150	r10
1741	244	750	r11
1742	244	400	r12
1743	244	-1000	r14
1744	244	-1000	r75
1745	244	-500	r130
1746	244	-1000	r367
1747	245	-1000	r6
1748	245	-1000	r9
1749	245	-1000	r10
1750	245	-1000	r128
1751	249	-500	r42
1752	249	-500	r75
1753	249	-500	r108
1754	249	-500	r161
1755	253	100	r4
1756	253	100	r5
1757	253	-1000	r6
1758	253	50	r7
1759	253	-1000	r9
1760	253	-1000	r10
1761	253	50	r11
1762	253	-1000	r14
1763	253	-1000	r75
1764	253	-1000	r128
1765	253	-1000	r367
1766	256	1000	d206
1767	257	-50	r2
1768	257	-50	r3
1769	257	-50	r4
1770	257	-50	r5
1771	257	-700	r6
1772	257	-50	r8
1773	257	-700	r9
1774	257	-800	r10
1775	257	-50	r11
1776	257	-50	r12
1777	257	-1500	r14
1778	257	-250	r42
1779	257	-250	r75
1780	257	-250	r108
1781	257	-300	r128
1782	257	-50	r130
1783	257	-1500	r161
1784	257	-1500	r367
1785	257	50	d202
1786	257	-700	d203
1787	257	-300	d205
1788	257	-300	d206
1789	257	50	d207
1790	257	50	d210
1791	264	-1000	r6
1792	264	-1000	r9
1793	264	-1000	r10
1794	264	-1000	r128
1795	265	100	c4
1796	265	100	c6
1797	265	100	r1
1798	265	-600	r6
1799	265	-900	r9
1800	265	-800	r10
1801	265	-450	r14
1802	265	-250	r42
1803	265	-750	r75
1804	265	-250	r108
1805	265	-300	r128
1806	265	-1500	r161
1807	265	-450	r367
1808	265	-299	d201
1809	265	-700	d203
1810	265	-299	d205
1811	265	-299	d206
1812	265	100	d207
1813	265	100	d208
1814	265	-299	d216
1815	271	100	c4
1816	271	100	c6
1817	271	100	r1
1818	271	-600	r6
1819	271	-900	r9
1820	271	-800	r10
1821	271	-450	r14
1822	271	-250	r42
1823	271	-750	r75
1824	271	-250	r108
1825	271	-300	r128
1826	271	-1500	r161
1827	271	-450	r367
1828	271	-299	d201
1829	271	-700	d203
1830	271	-299	d205
1831	271	-299	d206
1832	271	100	d207
1833	271	100	d208
1834	271	-299	d216
1835	273	-1000	r14
1836	273	-1000	r42
1837	273	-1000	r75
1838	273	-1000	r367
1839	273	1000	d216
1840	274	-100	r3
1841	274	-500	r4
1842	274	-500	r5
1843	274	100	r6
1844	274	-250	r7
1845	274	-100	r8
1846	274	-150	r12
1847	274	-1000	r14
1848	274	500	r42
1849	274	-500	r128
1850	275	-50	c5
1851	275	250	c9
1852	275	-50	c11
1853	275	250	r2
1854	275	-50	r6
1855	275	-50	r9
1856	275	-50	r10
1857	275	-1000	r14
1858	275	-250	r128
1859	275	-1000	r161
1860	275	-1000	r367
1861	275	-100	d201
1862	275	-100	d203
1863	275	100	d205
1864	275	-100	d206
1865	275	100	d214
1866	278	-100	r1
1867	278	-100	r2
1868	278	-100	r3
1869	278	-500	r4
1870	278	-500	r5
1871	278	-100	r6
1872	278	-250	r7
1873	278	-250	r8
1874	278	-500	r14
1875	278	-500	r42
1876	278	-500	r75
1877	278	-500	r108
1878	278	-250	r128
1879	278	-250	r130
1880	278	-500	r161
1881	278	-500	r367
1882	279	-150	r6
1883	279	-200	r9
1884	279	-200	r10
1885	279	-500	r14
1886	279	300	r42
1887	279	-500	r75
1888	279	-500	r108
1889	279	-50	r128
1890	279	-50	r130
1891	279	-500	r161
1892	279	-500	r367
1893	281	-500	r11
1894	281	-500	r12
1895	281	-500	r14
1896	281	-750	r128
1897	282	1	c10
1898	282	1100	r128
1899	282	100	d203
1900	283	50	c9
1901	283	99	r1
1902	283	99	r2
1903	283	201	r4
1904	283	101	r5
1905	283	-900	r6
1906	283	201	r7
1907	283	99	r8
1908	283	-600	r9
1909	283	-600	r10
1910	283	99	r11
1911	283	99	r12
1912	283	-1000	r14
1913	283	-100	r42
1914	283	-500	r75
1915	283	-500	r108
1916	283	-300	r128
1917	283	99	r130
1918	283	-100	r161
1919	283	-1000	r367
1920	283	-600	d201
1921	283	-600	d203
1922	283	-600	d206
1923	283	1	d208
1924	283	-1	d209
1925	283	-1	d212
1926	292	-25	c1
1927	292	-50	c2
1928	292	-400	c3
1929	292	-100	c4
1930	292	500	c5
1931	292	-100	c6
1932	292	50	c10
1933	292	200	c11
1934	292	25	c15
1935	292	-350	r1
1936	292	-350	r2
1937	292	-350	r3
1938	292	-350	r4
1939	292	-350	r5
1940	292	-250	r7
1941	292	-250	r8
1942	292	500	r9
1943	292	150	r10
1944	292	-350	r11
1945	292	-350	r12
1946	292	-1000	r14
1947	292	-500	r42
1948	292	-500	r75
1949	292	-500	r108
1950	292	-150	r128
1951	292	-350	r130
1952	292	-250	r161
1953	292	100	d201
1954	292	-250	d202
1955	292	250	d203
1956	292	-250	d204
1957	292	-50	d205
1958	292	-200	d206
1959	292	500	d207
1960	292	-250	d208
1961	292	-50	d209
1962	292	-200	d210
1963	292	-250	d212
1964	292	-50	d213
1965	292	-200	d214
1966	292	-250	d215
1967	292	-50	d216
1968	294	-50	c5
1969	294	150	c10
1970	294	-50	c11
1971	294	50	c15
1972	294	150	r2
1973	294	-50	r6
1974	294	-50	r9
1975	294	-50	r10
1976	294	-1000	r14
1977	294	-250	r128
1978	294	-1000	r161
1979	294	-1000	r367
1980	294	-200	d201
1981	294	-500	d203
1982	294	-100	d206
1983	294	100	d214
1984	295	-50	c2
1985	295	-200	c3
1986	295	-50	c4
1987	295	-100	c6
1988	295	500	c10
1989	295	25	c11
1990	295	250	c15
1991	295	-350	r1
1992	295	-350	r2
1993	295	-350	r3
1994	295	-350	r4
1995	295	-350	r5
1996	295	350	r6
1997	295	-350	r7
1998	295	-350	r8
1999	295	100	r9
2000	295	500	r10
2001	295	-350	r11
2002	295	-350	r12
2003	295	-1000	r14
2004	295	-500	r42
2005	295	-500	r75
2006	295	-500	r108
2007	295	-150	r128
2008	295	-350	r130
2009	295	-250	r161
2010	295	100	r367
2011	295	100	d201
2012	295	-150	d202
2013	295	250	d203
2014	295	-250	d204
2015	295	-50	d205
2016	295	-200	d206
2017	295	100	d207
2018	295	-250	d208
2019	295	-50	d209
2020	295	-200	d210
2021	295	350	d211
2022	295	-250	d212
2023	295	-50	d213
2024	295	-200	d214
2025	295	-250	d215
2026	295	-50	d216
2027	299	-300	r4
2028	299	-300	r5
2029	299	-200	r7
2030	299	-200	r8
2031	299	-500	r14
2032	299	-500	r42
2033	299	-500	r75
2034	299	-500	r108
2035	299	-500	r161
2036	299	-500	r367
2037	300	101	c7
2038	300	-101	r128
2039	300	-100	r522
2040	300	300	d210
2041	302	200	c3
2042	302	350	c4
2043	302	350	c6
2044	302	1000	r4
2045	302	1000	r5
2046	302	-1000	r6
2047	302	1000	r7
2048	302	-1000	r9
2049	302	-1000	r10
2050	302	250	r11
2051	302	-1000	r14
2052	302	-1000	r75
2053	302	-1000	r128
2054	302	-1000	r367
2055	303	25	c4
2056	303	25	c6
2057	303	25	c10
2058	303	-50	c11
2059	303	25	c15
2060	303	-50	r6
2061	303	-100	r9
2062	303	-100	r10
2063	303	-1000	r14
2064	303	-250	r75
2065	303	-250	r108
2066	303	-50	r128
2067	303	25	r130
2068	303	-1000	r161
2069	303	-1000	r367
2070	303	-100	d201
2071	303	-100	d203
2072	303	-100	d207
2073	304	50	c6
2074	304	99	r1
2075	304	99	r2
2076	304	201	r4
2077	304	101	r5
2078	304	-900	r6
2079	304	201	r7
2080	304	99	r8
2081	304	-600	r9
2082	304	-600	r10
2083	304	99	r11
2084	304	99	r12
2085	304	-1500	r14
2086	304	-50	r42
2087	304	-250	r75
2088	304	-150	r108
2089	304	-300	r128
2090	304	99	r130
2091	304	-1500	r161
2092	304	-1500	r367
2093	304	-600	d201
2094	304	-600	d203
2095	304	-600	d206
2096	304	1	d208
2097	304	-1	d209
2098	304	-1	d212
2099	305	25	c3
2100	305	-100	c5
2101	305	-100	c11
2102	305	50	c12
2103	305	50	c13
2104	305	50	c14
2105	305	100	r1
2106	305	100	r2
2107	305	100	r3
2108	305	200	r4
2109	305	200	r5
2110	305	-200	r6
2111	305	150	r7
2112	305	250	r8
2113	305	-250	r9
2114	305	-250	r10
2115	305	250	r11
2116	305	1000	r12
2117	305	-1000	r14
2118	305	-250	r42
2119	305	-100	r75
2120	305	-100	r108
2121	305	-250	r128
2122	305	-1000	r161
2123	305	-1000	r367
2124	305	-500	d201
2125	305	150	d202
2126	305	-500	d203
2127	305	150	d205
2128	305	-500	d207
2129	305	100	d213
2130	308	-500	r6
2131	308	-500	r9
2132	308	-500	r10
2133	308	-500	r14
2134	308	-50	r42
2135	308	-500	r75
2136	308	-500	r108
2137	308	-500	r128
2138	308	-50	r130
2139	308	-500	r161
2140	308	-500	r367
2141	309	-500	r14
2142	309	-250	r42
2143	309	-500	r75
2144	309	-500	r108
2145	309	-250	r130
2146	309	-500	r161
2147	309	-500	r367
2148	311	500	c1
2149	311	-50	c5
2150	311	-50	c11
2151	311	-1000	r14
2152	311	-250	r128
2153	311	-1000	r161
2154	311	-1000	r367
2155	311	-650	d201
2156	311	-850	d203
2157	311	-500	d206
2158	311	50	d211
2159	314	200	r2
2160	314	-400	r3
2161	314	-1	r5
2162	314	-900	r6
2163	314	201	r8
2164	314	-900	r9
2165	314	-900	r10
2166	314	99	r11
2167	314	100	r12
2168	314	-400	r128
2169	314	200	r130
2170	314	-701	d201
2171	314	-500	d203
2172	314	-1	d205
2173	314	-601	d206
2174	314	-201	d211
2175	314	-1	d212
2176	314	-1	d215
2177	314	-1	d216
2178	316	50	c3
2179	316	100	c4
2180	316	100	c6
2181	316	-50	r3
2182	316	-100	r5
2183	316	-700	r6
2184	316	1	r8
2185	316	-800	r9
2186	316	-800	r10
2187	316	101	r11
2188	316	-500	r128
2189	316	-600	d201
2190	316	-800	d203
2191	316	-1	d205
2192	316	-600	d206
2193	316	100	d207
2194	316	50	d210
2195	316	-50	d214
2196	316	-50	d216
2197	317	1	c7
2198	317	700	r128
2199	317	100	d203
2200	320	250	d213
2201	322	-100	c3
2202	322	-50	c4
2203	322	100	c5
2204	322	-50	c6
2205	322	-50	c8
2206	322	100	c11
2207	322	-50	r1
2208	322	-50	r2
2209	322	-50	r3
2210	322	-250	r4
2211	322	-450	r5
2212	322	1000	r6
2213	322	-450	r7
2214	322	-150	r8
2215	322	-150	r11
2216	322	-100	r12
2217	322	-1000	r14
2218	322	-500	r42
2219	322	-100	r75
2220	322	-100	r108
2221	322	-150	r128
2222	322	-200	r130
2223	322	-100	r161
2224	322	-100	r367
2225	322	100	d201
2226	322	-50	d202
2227	322	100	d203
2228	322	-100	d204
2229	322	-50	d205
2230	322	-50	d206
2231	322	150	d207
2232	322	-100	d208
2233	322	-50	d209
2234	322	-100	d210
2235	322	-100	d212
2236	322	-100	d214
2237	322	-150	d215
2238	331	-50	r4
2239	331	-50	r5
2240	331	150	r6
2241	331	-250	r14
2242	331	-250	r42
2243	331	-500	r75
2244	331	-500	r108
2245	331	-50	r128
2246	331	-250	r161
2247	331	-250	r367
2248	340	500	c4
2249	340	-500	c5
2250	340	1000	c6
2251	342	-100	c5
2252	344	1000	c3
2253	344	1000	c4
2254	344	-100	c5
2255	344	1000	c6
2256	344	25	c10
2257	344	-75	c11
2258	344	50	r4
2259	344	50	r5
2260	344	-50	r6
2261	344	25	r7
2262	344	500	r42
2263	344	-1000	r161
2264	344	-1000	r367
2265	344	-1000	d201
2266	344	-750	d203
2267	344	250	d206
2268	344	-750	d207
2269	344	1000	d215
2270	347	750	c4
2271	347	1000	c6
2272	348	25	c3
2273	348	25	c4
2274	348	-100	c5
2275	348	25	c6
2276	348	100	c8
2277	348	25	c9
2278	348	100	c10
2279	348	-100	c11
2280	348	100	c15
2281	348	100	r1
2282	348	100	r2
2283	348	-50	r3
2284	348	100	r4
2285	348	100	r5
2286	348	-150	r6
2287	348	100	r7
2288	348	100	r8
2289	348	-150	r9
2290	348	-150	r10
2291	348	100	r11
2292	348	100	r12
2293	348	-1000	r14
2294	348	-100	r42
2295	348	-500	r75
2296	348	-500	r108
2297	348	-100	r128
2298	348	1500	r130
2299	348	-1000	r161
2300	348	-1000	r367
2301	348	-250	d201
2302	348	-250	d203
2303	348	-250	d207
2304	353	-800	r1
2305	353	-900	r2
2306	353	-900	r3
2307	353	-1000	r4
2308	353	-1000	r5
2309	353	-100	r6
2310	353	-900	r7
2311	353	-900	r8
2312	353	-100	r9
2313	353	-100	r10
2314	353	-1000	r11
2315	353	-900	r12
2316	353	-1000	r42
2317	353	-1000	r128
2318	353	-1000	r130
2319	353	-800	r330
2320	353	200	d201
2321	353	-500	d202
2322	353	200	d203
2323	353	-500	d204
2324	353	200	d206
2325	353	-500	d207
2326	353	-500	d208
2327	353	-500	d209
2328	353	-500	d210
2329	353	100	d211
2330	353	-500	d212
2331	353	-500	d214
2332	353	-500	d215
2333	360	-1000	r6
2334	360	-1000	r9
2335	360	-1000	r10
2336	360	-1000	r128
2337	361	-51	c5
2338	361	-51	c11
2339	361	99	r1
2340	361	201	r2
2341	361	-50	r3
2342	361	-200	r5
2343	361	-1000	r6
2344	361	100	r8
2345	361	-1000	r9
2346	361	-800	r10
2347	361	99	r11
2348	361	100	r12
2349	361	-1000	r14
2350	361	-300	r128
2351	361	200	r130
2352	361	-1000	r161
2353	361	-1000	r367
2354	361	-650	d201
2355	361	-900	d203
2356	361	-700	d206
2357	361	100	d208
2358	361	50	d210
2359	364	-500	c3
2360	364	-250	c4
2361	364	100	c5
2362	364	-250	c6
2363	364	250	c11
2364	364	100	d201
2365	364	-250	d202
2366	364	100	d203
2367	364	-500	d204
2368	364	-250	d205
2369	364	-250	d206
2370	364	100	d207
2371	364	-500	d208
2372	364	-250	d209
2373	364	-500	d210
2374	364	-250	d211
2375	364	-500	d212
2376	364	-250	d213
2377	364	-500	d214
2378	364	-500	d215
2379	364	-250	d216
2380	367	-999	c1
2381	367	-999	c2
2382	367	-999	c3
2383	367	700	c4
2384	367	-999	c5
2385	367	700	c6
2386	367	-999	c7
2387	367	-999	c8
2388	367	-999	c9
2389	367	-999	c10
2390	367	-999	c11
2391	367	-999	c12
2392	367	-999	c13
2393	367	-999	c14
2394	367	101	c15
2395	367	-999	c16
2396	367	800	r42
2397	390	-1000	r14
2398	390	-1000	r42
2399	390	-1000	r161
2400	390	-1000	r367
2401	408	-1000	r14
2402	418	99	r1
2403	418	99	r2
2404	418	201	r4
2405	418	101	r5
2406	418	-900	r6
2407	418	201	r7
2408	418	99	r8
2409	418	-600	r9
2410	418	-600	r10
2411	418	99	r11
2412	418	99	r12
2413	418	-1000	r14
2414	418	-100	r42
2415	418	-500	r75
2416	418	-500	r108
2417	418	-300	r128
2418	418	99	r130
2419	418	-1000	r161
2420	418	-1000	r367
2421	418	-600	d201
2422	418	-600	d203
2423	418	-600	d206
2424	418	1	d208
2425	418	-1	d209
2426	418	-1	d212
2427	483	701	r130
2428	493	101	r522
2430	43	1	d396
2431	87	1	d396
2432	88	1	d396
2433	92	1	d396
2434	99	1	d396
2435	101	1	d396
2436	143	2	d396
2437	155	1	d396
2438	179	200	d396
2439	191	299	d396
2440	211	-1	d396
2441	213	1	d396
2442	215	1	d396
2443	275	100	d396
2444	283	1	d396
2445	304	1	d396
2446	314	1	d396
2447	322	-50	d396
2448	348	100	d396
2449	353	100	d396
2450	361	1	d396
2451	418	1	d396
2452	506	500	r1
2453	398	-3000	c1
2454	398	-3000	c2
2455	398	-3000	c3
2456	398	-3000	c4
2457	398	-3000	c5
2458	398	-3000	c6
2459	398	-3000	c7
2460	398	-3000	c8
2461	398	-3000	c9
2462	398	-3000	c10
2463	398	-3000	c11
2464	398	-3000	c12
2465	398	-3000	c13
2466	398	-3000	c14
2467	398	-3000	c15
2468	398	-3000	c16
2469	435	-2800	c1
2470	435	-2800	c2
2471	435	-2800	c3
2472	435	-2800	c4
2473	435	-2800	c5
2474	435	-2800	c6
2475	435	-2800	c7
2476	435	-2800	c8
2477	435	-2800	c9
2478	435	-2800	c10
2479	435	-2800	c11
2480	435	-2800	c12
2481	435	-2800	c13
2482	435	-2800	c14
2483	435	-2800	c15
2484	435	-2800	c16
2485	432	-2800	c1
2486	432	-2800	c2
2487	432	-2800	c3
2488	432	-2800	c4
2489	432	-2800	c5
2490	432	-2800	c6
2491	432	-2800	c7
2492	432	-2800	c8
2493	432	-2800	c9
2494	432	-2800	c10
2495	432	-2800	c11
2496	432	-2800	c12
2497	432	-2800	c13
2498	432	-2800	c14
2499	432	-2800	c15
2500	432	-2800	c16
2501	223	700	r209
2502	223	400	d202
