1	22	7	0	0
1	66	-50	1	0
1	106	0	-1	0
2	227	0	1	0
3	17	-30	1	0
3	27	-30	1	0
4	21	-30	1	0
4	135	10	0	0
4	183	10	0	0
4	235	-30	0	0
4	257	10	0	0
5	82	-30	1	0
5	368	-30	1	0
6	41	10	0	0
6	180	-30	1	0
6	249	-30	1	0
7	366	0	1	0
7	398	0	1	0
7	409	0	1	0
7	432	0	1	0
8	135	-30	1	0
8	166	0	-1	0
8	167	-30	1	0
8	183	-30	1	0
8	257	-30	1	0
8	366	0	-1	0
8	367	0	-1	0
8	394	0	-1	0
9	305	10	0	0
10	115	-30	1	0
10	176	-30	1	0
10	210	-30	1	0
10	219	-30	1	0
10	305	-30	1	0
11	48	-30	1	0
11	75	0	-1	0
11	105	-30	1	0
11	184	10	0	0
11	258	10	0	0
11	366	0	-1	0
11	367	0	-1	0
11	394	0	-1	0
11	457	0	-1	0
12	53	10	0	0
12	105	10	0	0
12	135	-30	1	0
12	184	-30	1	0
12	311	-30	1	0
13	227	-30	1	0
14	106	-3	1	0
15	226	-30	1	0
15	273	10	0	0
15	355	-30	1	0
16	149	10	0	0
16	166	10	0	0
16	167	10	0	0
16	224	-30	1	0
16	367	0	-1	0
17	135	-30	1	0
17	167	-30	1	0
17	183	-30	1	0
17	257	-30	1	0
18	106	-2	1	0
19	115	10	0	0
19	176	10	0	0
19	209	-30	1	0
20	46	-30	1	0
20	57	-30	1	0
20	128	-30	1	0
20	169	10	0	0
20	232	-30	1	0
21	120	-30	1	0
22	44	-30	1	0
22	169	-30	1	0
22	246	-30	1	0
22	351	-30	1	0
23	302	-2	1	0
24	106	-1	1	0
25	46	-30	1	0
25	57	-30	1	0
25	128	10	0	0
25	234	-30	1	0
26	135	-30	1	0
26	159	-30	1	0
26	265	-30	1	0
26	279	10	-1	0
26	367	0	1	0
27	12	-30	1	0
27	135	-30	1	0
27	300	-30	1	0
28	31	-30	1	0
28	33	-30	1	0
28	48	-30	1	0
28	77	-30	1	0
28	218	10	0	0
28	369	-30	1	0
29	106	-4	1	0
30	257	10	0	0
31	106	-5	1	0
32	63	-1	1	0
32	92	1	0	0
32	99	1	0	0
32	155	-1	1	0
32	314	1	0	0
34	106	-50	1	0
35	41	-30	1	0
35	75	0	-1	0
35	133	10	0	0
35	218	10	0	0
35	313	10	0	0
35	316	10	0	0
36	108	-30	1	0
36	281	10	0	0
36	370	10	0	0
36	371	10	0	0
37	31	-30	1	0
37	48	-30	1	0
37	149	-30	1	0
37	214	-30	1	0
37	273	10	0	0
39	135	-30	1	0
39	159	-30	1	0
39	166	10	0	0
39	265	-30	1	0
40	82	-30	1	0
41	414	-30	0	0
42	41	-30	0	0
42	133	10	0	0
42	180	-30	1	0
42	249	10	-1	0
42	314	10	0	0
42	316	10	0	0
43	1	-5	1	0
43	178	1	0	0
43	192	1	0	0
43	207	-5	1	0
43	273	1	0	0
44	83	-30	1	0
44	372	-30	1	0
45	17	-30	1	0
46	97	-2	1	0
47	106	1	0	0
47	346	-10	1	0
48	106	1	0	0
48	346	-15	1	0
49	106	1	0	0
49	346	-20	1	0
50	135	10	0	0
50	159	10	0	0
50	217	10	0	0
50	279	-30	1	0
50	300	10	0	0
50	367	0	-1	0
51	135	10	0	0
51	159	10	0	0
51	167	10	0	0
51	217	10	0	0
51	279	-30	1	0
51	300	10	0	0
51	309	-30	1	0
52	106	-25	1	0
53	106	-100	1	0
54	41	-2	1	0
54	75	0	-1	0
54	133	1	0	0
54	180	1	0	0
54	314	1	0	0
54	316	1	0	0
55	106	1	0	0
55	346	-5	1	0
56	106	5	0	0
56	346	-100	1	0
57	135	1	0	0
57	159	1	0	0
57	217	1	0	0
57	279	-3	1	0
57	300	1	0	0
58	41	-30	1	0
58	133	10	0	0
58	180	-30	1	0
58	249	10	-1	0
58	314	10	0	0
58	316	10	0	0
59	1	0	-1	0
60	31	-30	1	0
60	53	-30	1	0
60	105	-30	1	0
60	149	-30	1	0
60	214	-30	1	0
60	224	0	-1	0
60	249	0	-1	0
60	299	0	-1	0
60	366	0	-1	0
61	9	-30	1	0
61	21	10	0	0
61	135	-30	1	0
61	183	-30	1	0
61	257	-100	1	0
62	39	-30	1	0
62	115	10	0	0
62	185	-30	1	0
63	135	1	0	0
63	159	1	0	0
63	217	1	0	0
63	279	-1	1	0
63	300	1	0	0
63	367	0	-1	0
64	200	-30	1	0
65	47	10	0	0
65	86	10	0	0
65	105	10	0	0
65	184	-30	1	0
65	258	-30	1	0
65	311	-30	1	0
66	1	-30	1	0
66	177	10	0	0
66	192	10	0	0
66	207	-30	1	0
66	273	10	0	0
67	41	-30	1	0
67	133	10	0	0
67	180	-30	1	0
67	249	10	-1	0
67	314	10	0	0
67	316	10	0	0
68	41	-30	1	0
68	133	10	0	0
68	218	10	0	0
68	313	-30	1	0
69	27	-30	1	0
70	253	-2	1	0
71	226	-10	1	0
71	355	-5	1	0
72	47	-30	1	0
72	48	-30	1	0
72	184	-30	1	0
72	217	-30	1	0
73	291	-5	1	0
73	320	1	0	0
73	366	0	-1	0
74	213	-30	1	0
74	275	10	0	0
74	279	0	-1	0
74	294	-30	1	0
74	311	-30	1	0
74	355	0	-1	0
74	361	-30	1	0
74	366	0	-1	0
74	367	0	-1	0
74	394	0	-1	0
74	457	0	-1	0
75	53	-30	1	0
75	105	-30	1	0
75	149	-30	1	0
75	214	-30	1	0
76	135	10	0	0
76	167	10	0	0
76	279	-30	1	0
76	309	-30	1	0
77	248	-30	1	0
78	135	15	0	0
78	167	15	0	0
78	279	-15	1	0
78	309	-100	1	0
79	366	0	1	0
80	367	-250	0	1
81	106	1	0	0
81	346	-8	1	0
82	9	-150	1	0
82	21	251	0	0
82	135	-502	1	0
82	183	-301	1	0
82	257	-1005	1	0
83	99	-1	1	0
83	170	-10	1	0
83	178	-2	1	0
83	322	2	0	0
84	135	-1	1	0
84	159	-2	1	0
84	265	-1	1	0
84	267	-1	1	0
84	347	1	0	0
85	66	-2	1	0
86	291	10	0	0
86	320	-30	1	0
87	376	-30	1	0
88	357	-30	1	0
89	56	10	0	0
89	60	10	0	0
89	79	10	0	0
89	112	10	0	0
89	143	-10	1	0
91	213	-30	1	0
91	275	-30	1	0
91	294	-30	1	0
91	311	-30	1	0
91	361	-30	1	0
92	192	-30	1	0
93	47	-30	1	0
93	48	-30	1	0
93	184	-30	1	0
93	217	-30	1	0
94	213	-30	1	0
94	275	-30	1	0
94	294	-30	1	0
94	311	-30	1	0
94	361	-30	1	0
95	9	-30	1	0
95	33	10	0	0
95	47	-30	1	0
95	135	-30	1	0
95	217	-30	1	0
97	63	0	1	0
97	92	11	0	0
97	155	-75	1	0
97	260	150	0	0
97	311	3	0	0
98	92	10	0	0
98	155	-30	1	0
98	311	10	0	0
99	156	-30	1	0
100	374	-30	1	0
101	375	-30	1	0
102	92	10	0	0
102	115	10	0	0
102	274	-30	1	0
102	314	10	0	0
103	14	-30	1	0
104	135	1	0	0
104	159	1	0	0
104	217	1	0	0
104	279	-5	1	0
104	300	1	0	0
105	8	-7	1	0
105	43	-10	1	0
105	178	-10	1	0
106	8	-30	1	0
106	43	-30	1	0
106	92	-30	1	0
106	155	10	0	0
106	174	-30	1	0
106	178	-30	1	0
106	212	-30	1	0
107	92	-5	1	0
107	155	1	0	0
107	174	-1	1	0
107	212	-1	1	0
108	41	10	0	0
108	133	10	0	0
108	180	-30	1	0
108	249	10	0	0
108	314	10	0	0
108	316	10	0	0
109	9	-30	1	0
109	33	10	0	0
109	53	10	0	0
109	135	-30	1	0
109	217	-30	1	0
109	394	0	-1	0
110	226	-30	1	0
110	355	-30	1	0
111	226	-30	1	0
111	273	10	0	0
111	355	-30	1	0
112	57	1	0	0
112	169	-1	1	0
112	215	-1	1	0
112	219	-1	1	0
112	314	-5	1	0
113	88	10	0	0
113	133	-30	1	0
113	208	-30	1	0
113	218	-30	1	0
113	316	-30	1	0
114	63	-3	1	0
114	92	1	0	0
114	99	1	0	0
114	155	-1	1	0
114	314	1	0	0
115	63	-2	1	0
115	92	1	0	0
115	99	1	0	0
115	155	-1	1	0
115	314	1	0	0
116	118	-30	1	0
117	269	-30	1	0
118	238	-30	1	0
120	63	-5	1	0
120	92	1	0	0
120	99	1	0	0
120	155	-1	1	0
120	314	1	0	0
121	135	-30	1	0
121	167	-30	1	0
121	183	-30	1	0
121	257	-30	1	0
122	33	10	0	0
122	90	10	0	0
122	213	-30	1	0
122	294	-30	0	0
122	369	10	0	0
123	8	-30	1	0
123	92	-30	1	0
123	99	-30	1	0
123	174	-30	1	0
124	46	-30	1	0
124	216	-30	1	0
124	232	-30	1	0
126	364	10	0	0
126	397	-30	1	0
127	43	-30	1	0
127	63	10	0	0
127	99	-30	1	0
127	178	-30	1	0
127	304	-30	1	0
128	63	-50	1	0
128	92	7	0	0
128	99	7	0	0
128	155	-5	1	0
128	314	2	0	0
129	86	10	0	0
129	105	10	0	0
129	184	-30	1	0
129	258	-30	1	0
129	311	-30	1	0
130	21	-30	1	0
130	53	-30	1	0
130	135	10	0	0
130	235	-30	1	0
130	257	10	0	0
131	53	10	0	0
131	105	10	0	0
131	135	-30	1	0
131	184	-30	1	0
131	311	-30	1	0
133	306	-30	1	0
134	9	-15	1	0
134	21	25	0	0
134	135	-50	1	0
134	183	-30	1	0
134	257	-100	1	0
135	9	-30	1	0
135	11	-30	1	0
135	33	10	0	0
135	47	-30	1	0
135	53	10	0	0
135	105	10	0	0
135	135	-30	1	0
135	184	-30	1	0
135	217	-30	1	0
136	79	-30	1	0
136	143	10	0	0
136	145	-30	1	0
137	213	-30	1	0
137	294	-30	1	0
137	311	-30	1	0
137	361	-30	1	0
138	31	-30	1	0
138	149	-30	1	0
138	214	-30	1	0
139	8	-30	1	0
139	92	-30	1	0
139	99	-30	1	0
139	174	-30	1	0
140	21	-30	0	0
140	71	-30	0	0
140	86	-30	1	0
140	235	-30	1	0
140	322	-30	0	0
141	29	-30	1	0
141	215	10	0	0
141	220	10	0	0
141	314	10	0	0
142	31	-30	1	0
142	47	-30	1	0
142	48	-30	1	0
142	53	-30	1	0
142	105	-30	1	0
143	295	-30	1	0
144	217	-30	1	0
145	22	30	0	0
145	66	-200	1	0
146	240	-30	1	0
147	71	10	0	0
147	115	-30	1	0
147	176	-30	1	0
147	210	-30	1	0
148	31	-30	1	0
148	47	-30	1	0
148	53	-30	1	0
148	105	-30	1	0
148	369	-30	1	0
149	322	10	0	0
149	331	-30	1	0
150	11	-30	1	0
150	105	10	0	0
150	184	-30	1	0
150	235	10	0	0
151	31	-30	1	0
151	47	-30	1	0
151	48	-30	1	0
151	53	-30	1	0
151	105	-30	1	0
152	71	1	0	0
152	91	-10	1	0
152	115	-1	1	0
152	176	-1	1	0
152	322	1	0	0
153	88	10	0	0
153	133	-30	1	0
153	208	-30	1	0
153	218	-30	1	0
153	316	-30	1	0
154	183	-30	1	0
155	77	-30	1	0
155	88	10	0	0
155	133	-30	1	0
155	208	-30	1	0
155	218	-30	1	0
155	316	-30	1	0
156	48	10	0	0
156	77	-30	1	0
156	133	-30	1	0
156	208	-30	1	0
156	218	-30	1	0
157	76	-30	1	0
157	115	-30	1	0
157	176	-30	1	0
157	210	-30	1	0
158	128	-30	1	0
159	46	-30	1	0
159	232	-30	1	0
160	31	-30	1	0
160	33	-30	1	0
160	48	-30	1	0
160	77	-30	1	0
160	218	10	0	0
161	46	-30	1	0
161	232	-30	1	0
162	46	-30	1	0
162	232	-30	1	0
162	366	0	-1	0
162	367	0	-1	0
162	394	0	-1	0
162	457	0	-1	0
164	275	-30	1	0
165	135	-30	1	0
165	159	-30	1	0
165	265	-30	1	0
165	279	10	0	0
166	213	-30	1	0
166	294	-30	1	0
166	311	-30	1	0
166	361	-30	1	0
169	9	-30	1	0
169	21	10	0	0
169	135	-30	1	0
169	183	-30	1	0
169	257	-30	1	0
169	279	0	-1	0
170	9	1	0	0
170	21	1	0	0
170	135	-1	1	0
170	183	-1	1	0
170	257	-1	1	0
171	48	-30	1	0
171	105	-30	1	0
171	184	10	0	0
171	258	10	0	0
173	12	-100	1	0
173	135	-100	1	0
173	300	-100	1	0
174	21	-1	1	0
174	53	-1	1	0
174	135	1	0	0
174	235	-1	1	0
174	257	1	0	0
175	31	-30	1	0
175	47	-30	1	0
175	48	-30	1	0
175	53	-30	1	0
175	105	-30	1	0
175	184	10	0	0
175	258	10	0	0
175	369	-30	1	0
176	31	-30	1	0
176	47	-30	1	0
176	53	-30	1	0
176	105	-30	1	0
177	57	10	0	0
177	169	-30	1	0
177	215	-30	1	0
177	219	-30	1	0
177	314	-30	1	0
178	135	-30	0	0
178	167	-30	0	0
178	183	-30	1	0
178	257	-30	1	0
179	135	-30	1	0
179	184	-30	1	0
179	192	-30	1	0
179	207	10	0	0
179	273	10	0	0
180	91	10	0	0
180	170	10	0	0
180	177	10	0	0
180	260	10	0	0
180	268	-30	1	0
180	322	-30	1	0
181	9	-30	1	0
181	33	10	0	0
181	53	10	0	0
181	135	-30	1	0
181	217	-30	1	0
182	31	-30	1	0
182	53	-30	1	0
182	105	-30	1	0
182	149	-30	1	0
182	214	-30	1	0
183	148	10	0	0
183	149	10	0	0
183	299	-30	1	0
184	192	-30	1	0
185	159	-30	1	0
185	182	-30	1	0
185	265	-30	1	0
185	347	10	0	0
186	86	-30	1	0
186	184	10	0	0
186	235	-30	1	0
187	45	-30	1	0
188	46	-30	1	0
188	57	-30	1	0
188	128	-30	1	0
188	169	10	0	0
188	232	-30	1	0
189	21	10	0	0
189	135	-30	1	0
189	183	-30	1	0
189	257	-30	1	0
190	149	10	0	0
190	182	10	0	0
190	299	-30	1	0
191	46	-30	1	0
191	128	-30	1	0
191	292	10	0	0
191	314	10	0	0
192	135	-30	1	0
192	167	-30	1	0
192	183	-30	1	0
192	257	-30	1	0
193	120	-30	1	0
193	190	10	0	0
194	213	-30	1	0
194	294	-30	1	0
194	361	-30	1	0
195	71	10	0	0
195	91	-30	1	0
195	115	-30	1	0
195	176	-30	1	0
195	209	10	0	0
196	71	10	0	0
196	91	-30	1	0
196	115	-30	1	0
196	176	-30	1	0
196	209	10	0	0
197	71	10	0	0
197	91	-30	1	0
197	115	-30	1	0
197	209	-30	1	0
198	71	10	0	0
198	91	-30	1	0
198	115	-30	1	0
198	120	-30	1	0
198	176	-30	1	0
198	209	10	0	0
199	97	-30	1	0
201	69	-30	1	0
201	75	0	-1	0
201	87	-30	1	0
201	88	-30	1	0
201	92	10	0	0
201	155	-30	1	0
201	366	0	-1	0
201	367	0	-1	0
201	394	0	-1	0
202	279	0	-1	0
202	394	0	-1	0
203	135	-30	1	0
203	159	-30	1	0
203	265	-30	1	0
203	267	-30	1	0
203	347	10	0	0
204	33	-30	1	0
204	53	-30	1	0
204	135	10	0	0
204	164	-30	1	0
204	217	10	0	0
205	29	-25	1	0
205	220	2	0	0
205	314	1	0	0
206	115	-30	1	0
206	176	-30	1	0
206	210	-30	1	0
206	220	-30	1	0
206	305	-30	1	0
207	21	10	0	0
207	135	-30	1	0
207	235	10	0	0
207	240	-30	1	0
208	211	-30	1	0
209	91	10	0	0
209	170	10	0	0
209	177	10	0	0
209	178	10	0	0
209	268	-30	1	0
209	322	-30	1	0
210	145	-30	1	0
210	147	-30	1	0
210	211	-30	1	0
212	33	10	0	0
212	135	-30	1	0
212	184	-30	1	0
212	192	-30	1	0
212	207	10	0	0
212	273	10	0	0
213	12	10	0	0
213	51	10	0	0
213	75	-30	1	0
213	133	10	0	0
213	184	10	0	0
214	98	-30	1	0
215	31	-30	1	0
215	148	-30	1	0
215	149	-30	1	0
215	214	-30	1	0
216	162	-30	1	0
217	33	-30	1	0
217	53	-30	1	0
217	135	10	0	0
217	164	-30	1	0
217	217	10	0	0
217	394	0	-1	0
218	41	0	-1	0
218	63	0	-1	0
218	75	0	-1	0
218	88	10	0	0
218	133	-30	1	0
218	208	-30	1	0
218	218	-30	1	0
218	249	0	-1	0
218	313	0	-1	0
218	316	-30	1	0
218	366	0	-1	0
218	367	0	-1	0
218	394	0	-1	0
218	457	0	-1	0
218	500	0	-1	0
219	41	0	-1	0
219	63	0	-1	0
219	88	10	0	0
219	133	-30	1	0
219	208	-30	1	0
219	218	-30	1	0
219	316	-30	1	0
219	366	0	-1	0
219	367	0	-1	0
219	394	0	-1	0
220	88	10	0	0
220	133	-30	1	0
220	208	-30	1	0
220	218	-30	1	0
220	316	-30	1	0
221	71	-30	1	0
221	76	10	0	0
221	91	10	0	0
221	115	10	0	0
222	43	-30	1	0
222	63	10	0	0
222	99	-30	1	0
222	178	-30	1	0
222	304	-30	1	0
223	46	10	0	0
223	169	-30	1	0
223	207	10	0	0
223	273	10	0	0
223	314	-30	1	0
224	69	-30	1	0
224	87	-30	1	0
224	155	-30	1	0
224	260	10	0	0
225	48	10	0	0
225	77	-30	1	0
225	133	-30	1	0
225	208	-30	1	0
225	218	-30	1	0
226	75	0	-1	0
226	366	0	-1	0
226	367	0	-1	0
226	394	0	-1	0
227	69	-30	1	0
227	75	0	-1	0
227	87	-30	1	0
227	88	-30	1	0
227	92	10	0	0
227	155	-30	1	0
227	366	0	-1	0
227	367	0	-1	0
227	394	0	-1	0
228	69	-30	1	0
228	87	-30	1	0
228	88	-30	1	0
228	92	10	0	0
228	155	-30	1	0
230	115	-30	0	0
230	120	10	0	0
231	44	-30	1	0
231	169	-30	1	0
231	246	-30	1	0
231	351	-30	1	0
232	430	-30	1	0
233	15	-30	1	0
234	21	-30	1	0
234	33	-30	1	0
234	53	-30	1	0
234	135	10	0	0
234	164	-30	1	0
235	31	-30	1	0
235	48	-30	1	0
235	149	-30	1	0
235	214	-30	1	0
235	273	10	0	0
236	213	-30	1	0
236	275	10	0	0
236	294	-30	1	0
236	311	-30	1	0
236	361	-30	1	0
237	8	0	1	0
237	43	-30	1	0
237	63	10	0	0
237	91	0	1	0
237	99	-30	1	0
237	169	0	1	0
237	178	-30	1	0
237	304	-30	1	0
237	366	0	-1	0
238	137	-30	1	0
239	256	-30	1	0
240	283	-800	1	0
241	209	-30	1	0
242	377	-30	1	0
243	226	-30	1	0
243	305	10	0	0
243	355	-30	1	0
244	190	10	0	0
245	220	10	0	0
245	314	-30	1	0
246	169	-30	1	0
246	215	-30	1	0
246	219	-30	1	0
246	220	10	0	0
246	314	-30	1	0
247	135	-30	1	0
247	159	-30	1	0
247	265	-30	1	0
247	267	-30	1	0
247	347	10	0	0
248	135	-30	1	0
248	159	-30	1	0
248	265	-30	1	0
248	279	10	0	0
249	135	10	0	0
249	167	10	0	0
249	309	-30	1	0
251	8	0	1	0
251	43	0	1	0
251	71	10	0	0
251	91	-30	1	0
251	169	0	1	0
251	176	-30	1	0
251	210	-30	1	0
251	322	10	0	0
251	366	0	-1	0
252	115	-30	1	0
252	176	-30	1	0
252	210	-30	1	0
252	220	-30	1	0
252	305	-30	1	0
253	115	-30	1	0
253	176	-30	1	0
253	220	-30	1	0
253	305	-30	1	0
254	131	-10	1	0
255	48	-30	1	0
256	92	-15	1	0
256	155	2	0	0
256	174	-1	1	0
256	212	-1	1	0
257	29	0	-1	0
257	41	0	-1	0
257	63	0	-1	0
257	75	0	-1	0
257	128	0	-1	0
257	187	0	-1	0
257	234	0	-1	0
257	274	0	-1	0
257	295	0	-1	0
257	366	0	-1	0
257	367	0	-1	0
257	394	0	-1	0
258	137	0	-1	0
258	366	0	-1	0
258	367	0	-1	0
258	394	0	-1	0
259	135	-30	1	0
259	366	0	-1	0
259	367	0	-1	0
259	394	0	-1	0
260	148	-30	1	0
260	149	-30	1	0
260	214	-30	1	0
261	75	0	-1	0
261	105	-30	1	0
261	184	10	0	0
261	258	10	0	0
261	369	-30	1	0
261	394	0	-1	0
262	9	-30	1	0
262	33	10	0	0
262	53	10	0	0
262	135	-30	1	0
262	137	0	-1	0
262	217	-30	1	0
262	235	0	-1	0
262	279	0	-1	0
262	367	0	-1	0
262	394	0	-1	0
263	26	0	-1	0
263	63	0	-1	0
263	92	-30	1	0
263	137	0	-1	0
263	155	10	0	0
263	166	0	-1	0
263	174	-30	1	0
263	212	-30	1	0
263	366	0	-1	0
263	367	0	-1	0
263	394	0	-1	0
264	29	0	-1	0
264	41	0	-1	0
264	57	10	0	0
264	63	0	-1	0
264	75	0	-1	0
264	128	0	-1	0
264	169	-30	1	0
264	187	0	-1	0
264	215	-30	1	0
264	219	-30	1	0
264	234	0	-1	0
264	274	0	-1	0
264	295	0	-1	0
264	314	-30	1	0
264	366	0	-1	0
264	367	0	-1	0
264	394	0	-1	0
264	457	0	-1	0
265	48	-30	1	0
265	75	0	-1	0
265	105	-30	1	0
265	184	10	0	0
265	258	10	0	0
265	366	0	-1	0
265	367	0	-1	0
265	369	-30	1	0
265	394	0	-1	0
265	457	0	-1	0
265	462	0	-1	0
266	29	0	-1	0
266	41	0	-1	0
266	63	0	-1	0
266	75	0	-1	0
266	366	0	-1	0
266	367	0	-1	0
266	394	0	-1	0
267	69	-30	1	0
267	75	0	-1	0
267	87	-30	1	0
267	88	-30	1	0
267	92	10	0	0
267	155	-30	1	0
267	366	0	-1	0
267	367	0	-1	0
267	394	0	-1	0
267	457	0	-1	0
268	69	-30	1	0
268	75	0	-1	0
268	87	-30	1	0
268	88	-125	1	0
268	92	10	0	0
268	133	0	-1	0
268	155	-30	1	0
268	208	0	-1	0
268	316	0	-1	0
268	366	0	-1	0
268	367	0	-1	0
268	394	0	-1	0
268	457	0	-1	0
268	462	0	-1	0
269	9	-30	1	0
269	33	10	0	0
269	53	10	0	0
269	135	-30	1	0
269	217	-30	1	0
269	366	0	-1	0
269	367	0	-1	0
269	394	0	-1	0
270	29	10	0	0
270	33	10	0	0
270	41	0	-1	0
270	63	0	-1	0
270	75	0	-1	0
270	77	-30	1	0
270	90	10	0	0
270	220	-30	1	0
270	366	0	-1	0
270	367	0	-1	0
270	394	0	-1	0
271	9	-30	1	0
271	33	10	0	0
271	53	10	0	0
271	135	-30	1	0
271	137	0	-1	0
271	166	0	-1	0
271	217	-30	1	0
271	279	0	-1	0
271	366	0	-1	0
271	367	0	-1	0
271	394	0	-1	0
271	457	0	-1	0
271	462	0	-1	0
272	137	0	-1	0
272	235	0	-1	0
272	366	0	-1	0
272	367	0	-1	0
272	394	0	-1	0
273	9	-30	1	0
273	33	10	0	0
273	53	10	0	0
273	135	-30	1	0
273	137	0	-1	0
273	217	-30	1	0
273	366	0	-1	0
273	367	0	-1	0
273	394	0	-1	0
274	47	-30	1	0
274	48	-30	1	0
274	75	0	-1	0
274	105	-30	1	0
274	184	10	0	0
274	258	10	0	0
274	394	0	-1	0
275	29	10	0	0
275	33	10	0	0
275	41	0	-1	0
275	63	0	-1	0
275	75	0	-1	0
275	77	-30	1	0
275	90	10	0	0
275	220	-30	1	0
276	9	-30	1	0
276	21	0	-1	0
276	33	10	0	0
276	53	10	0	0
276	135	-30	1	0
276	137	0	-1	0
276	217	-30	1	0
276	235	0	-1	0
276	279	0	-1	0
276	366	0	-1	0
276	367	0	-1	0
276	394	0	-1	0
276	457	0	-1	0
277	229	-30	1	0
278	9	-30	1	0
278	33	10	0	0
278	53	10	0	0
278	135	-30	1	0
278	137	0	-1	0
278	217	-30	1	0
278	235	0	-1	0
278	279	0	-1	0
278	367	0	-1	0
278	394	0	-1	0
279	366	0	-1	0
279	367	0	-1	0
279	394	0	-1	0
280	9	-30	1	0
280	33	10	0	0
280	53	10	0	0
280	135	-30	1	0
280	137	0	-1	0
280	217	-30	1	0
280	235	0	-1	0
280	367	0	-1	0
280	394	0	-1	0
281	26	0	-1	0
281	63	0	-1	0
281	92	-15	1	0
281	137	0	-1	0
281	155	2	0	0
281	166	0	-1	0
281	174	-1	1	0
281	212	-1	1	0
281	366	0	-1	0
281	367	0	-1	0
281	394	0	-1	0
281	457	0	-1	0
281	462	0	-1	0
282	48	-30	1	0
282	105	-30	1	0
282	184	10	0	0
282	258	10	0	0
282	394	0	-1	0
283	366	0	-1	0
283	367	0	-1	0
283	394	0	-1	0
284	22	10	0	0
284	66	-30	1	0
284	128	10	0	0
284	292	-30	1	0
285	148	-30	1	0
285	149	-30	1	0
285	214	-30	1	0
286	234	-30	1	0
287	48	-30	1	0
287	75	0	-1	0
287	105	-30	1	0
287	184	10	0	0
287	258	10	0	0
287	369	-30	1	0
287	394	0	-1	0
288	69	-2	1	0
288	87	-3	1	0
288	88	-15	1	0
288	92	1	0	0
288	155	-1	1	0
289	236	-30	1	0
289	237	10	0	0
290	44	-30	1	0
290	169	-30	1	0
290	246	-30	1	0
290	351	10	0	0
291	44	-30	1	0
291	169	-30	1	0
291	219	-30	1	0
292	57	-30	1	0
292	232	-30	1	0
293	255	-30	1	0
294	47	-30	1	0
294	48	-30	1	0
294	75	0	-1	0
294	105	-30	1	0
294	184	10	0	0
294	258	10	0	0
294	394	0	-1	0
294	457	0	-1	0
295	208	-30	1	0
295	218	-30	1	0
295	316	-30	1	0
295	347	10	0	0
296	159	-30	1	0
296	182	-30	1	0
296	265	-30	1	0
296	347	10	0	0
297	234	-30	1	0
297	378	-30	1	0
298	48	10	0	0
298	105	10	0	0
298	135	-30	1	0
298	184	-30	1	0
298	311	-30	1	0
299	31	-30	1	0
299	48	-30	1	0
299	149	-30	1	0
299	214	-30	1	0
299	369	-30	1	0
300	31	-30	1	0
300	149	-30	1	0
300	214	-30	1	0
300	273	10	0	0
300	369	-30	1	0
301	33	10	0	0
301	48	-30	1	0
301	135	-30	1	0
301	165	-30	1	0
302	235	10	0	0
302	240	-30	1	0
304	115	10	0	0
304	145	10	0	0
304	147	10	0	0
304	175	-30	1	0
305	12	-100	1	0
305	184	-100	1	0
305	300	-100	1	0
306	268	-30	1	0
306	322	-30	1	0
307	100	-30	1	0
308	135	-30	1	0
308	149	-30	1	0
308	166	10	0	0
308	167	-30	1	0
309	91	10	0	0
309	170	10	0	0
309	177	10	0	0
309	260	10	0	0
309	268	-30	1	0
309	322	-30	1	0
309	379	10	0	0
310	53	-30	1	0
310	149	-30	1	0
312	31	-30	1	0
312	148	-30	1	0
312	149	-30	1	0
312	214	-30	1	0
313	135	-30	1	0
313	167	-30	1	0
313	184	-30	1	0
313	258	-30	1	0
314	48	10	0	0
314	77	-30	1	0
314	133	-30	1	0
314	208	-30	1	0
314	218	-30	1	0
314	369	10	0	0
315	294	-30	1	0
317	135	-30	1	0
317	192	-30	1	0
317	207	10	0	0
317	273	10	0	0
318	167	-30	1	0
319	31	10	0	0
319	90	-30	1	0
319	133	10	0	0
319	135	10	0	0
319	137	-30	1	0
319	361	10	0	0
321	69	-30	1	0
321	331	-30	1	0
322	22	-30	1	0
322	66	-30	1	0
323	71	10	0	0
323	91	-30	1	0
323	115	-30	1	0
323	176	-30	1	0
323	210	-30	1	0
324	91	10	0	0
324	170	10	0	0
324	178	10	0	0
324	268	-30	1	0
324	322	-30	1	0
325	11	-30	0	0
325	105	10	0	0
325	184	-30	0	0
325	235	-10	0	0
326	63	-200	1	0
326	92	30	0	0
326	99	30	0	0
326	155	-20	1	0
326	314	10	0	0
327	12	10	0	0
327	51	10	0	0
327	63	-30	1	0
327	75	-30	1	0
327	92	10	0	0
327	99	10	0	0
327	133	10	0	0
327	155	-30	1	0
327	184	10	0	0
328	56	-30	1	0
328	143	10	0	0
328	145	-30	1	0
328	147	-30	1	0
329	12	-200	1	0
329	135	-200	1	0
329	300	-200	1	0
330	380	-30	1	0
331	311	-30	1	0
332	33	10	0	0
332	135	10	0	0
332	149	10	0	0
332	166	-30	1	0
334	31	-750	1	0
334	48	-396	1	0
334	149	-750	1	0
334	214	-750	1	0
334	273	187	0	0
335	165	-30	1	0
336	11	-30	1	0
336	105	10	0	0
336	184	-30	1	0
336	235	10	0	0
337	47	-30	1	0
337	48	-30	1	0
337	105	10	0	0
337	184	-30	1	0
337	217	-30	1	0
337	258	-30	1	0
338	31	-30	1	0
338	47	-30	1	0
338	48	-30	1	0
338	53	-30	1	0
338	105	-30	1	0
338	369	-30	1	0
339	71	-30	1	0
339	91	10	0	0
339	115	10	0	0
340	105	-30	1	0
340	184	10	0	0
340	258	10	0	0
340	369	-30	1	0
341	63	10	0	0
341	99	-30	1	0
342	155	-30	1	0
344	71	10	0	0
344	91	-30	1	0
344	115	-30	1	0
344	176	-30	1	0
344	210	-30	1	0
345	147	-30	1	0
346	40	0	-1	0
346	70	0	-1	0
346	143	45	0	0
346	145	-45	1	0
346	147	-300	1	0
346	166	0	-1	0
346	175	45	0	0
346	211	-225	1	0
346	366	0	-1	0
346	367	0	-1	0
346	394	0	-1	0
346	457	0	-1	0
347	143	10	0	0
347	145	-30	0	0
347	147	-30	1	0
347	211	-30	0	0
347	421	10	0	0
348	143	45	0	0
348	145	-45	1	0
348	147	-300	1	0
348	175	45	0	0
348	211	-225	1	0
349	105	10	0	0
349	184	-30	1	0
349	258	-30	1	0
350	31	-30	1	0
350	149	-30	1	0
350	214	-30	1	0
351	88	10	0	0
351	133	-30	1	0
351	208	-30	1	0
351	218	-30	1	0
351	316	-30	1	0
352	112	-30	1	0
352	143	10	0	0
352	145	-30	1	0
352	147	-30	1	0
353	31	-30	1	0
353	47	-30	1	0
353	48	-30	1	0
353	53	-30	1	0
353	105	-30	1	0
353	369	-30	1	0
354	71	10	0	0
354	115	-30	1	0
354	176	-30	1	0
355	8	0	1	0
355	43	0	1	0
355	57	10	0	0
355	91	0	1	0
355	169	-30	1	0
355	215	-30	1	0
355	219	-30	1	0
355	314	-30	1	0
355	366	0	-1	0
357	381	-30	1	0
358	41	-30	1	0
358	133	10	0	0
358	314	10	0	0
358	316	10	0	0
359	88	10	0	0
359	135	-30	1	0
359	208	-30	1	0
359	218	-30	1	0
359	316	-30	1	0
360	128	-30	1	0
360	292	10	0	0
360	314	10	0	0
361	234	-30	1	0
361	361	10	0	0
362	192	-30	1	0
362	207	10	0	0
363	57	10	0	0
363	169	-30	1	0
363	215	-30	1	0
363	219	-30	1	0
363	314	-30	1	0
364	9	-30	1	0
364	33	10	0	0
364	48	-30	1	0
364	135	-30	1	0
364	217	-30	1	0
365	8	-30	1	0
365	43	-30	1	0
365	178	-30	1	0
366	71	10	0	0
366	91	-30	1	0
366	115	-30	1	0
366	176	-30	1	0
368	133	-30	1	0
368	208	-30	1	0
368	259	-30	1	0
369	79	-30	0	0
369	143	10	0	0
369	145	-30	0	0
370	76	-30	1	0
370	115	-30	1	0
370	179	-30	1	0
370	210	-30	1	0
371	71	10	0	0
371	91	-30	1	0
371	115	-30	1	0
371	176	-30	1	0
371	210	-30	1	0
371	322	10	0	0
372	12	-30	1	0
372	135	-30	1	0
372	300	-30	1	0
373	112	-30	1	0
373	143	10	0	0
373	145	-30	1	0
373	147	-30	1	0
374	213	-30	1	0
374	279	0	-1	0
374	294	-30	1	0
374	311	-30	1	0
374	355	0	-1	0
374	361	-30	1	0
374	366	0	-1	0
374	367	0	-1	0
374	394	0	-1	0
375	208	-30	1	0
375	218	-30	1	0
375	316	-30	1	0
375	347	10	0	0
376	46	-30	1	0
376	216	-30	1	0
376	232	-30	1	0
377	9	-30	1	0
377	135	-30	1	0
377	164	10	0	0
377	217	-30	1	0
377	273	10	0	0
378	224	0	-1	0
378	238	0	-1	0
378	299	0	-1	0
378	366	0	-1	0
379	31	-30	1	0
379	105	-30	1	0
379	149	-30	1	0
379	214	-30	1	0
379	224	0	-1	0
379	238	0	-1	0
379	299	0	-1	0
380	115	-30	1	0
380	176	-30	1	0
380	210	-30	1	0
380	220	-30	1	0
382	39	1	-1	0
382	71	10	0	0
382	115	-30	1	0
382	176	-30	1	0
382	185	0	-1	0
382	209	0	-1	0
382	210	-30	1	0
382	366	0	-1	0
382	367	0	-1	0
382	394	0	-1	0
382	457	0	-1	0
383	39	10	0	0
383	71	10	0	0
383	115	-30	1	0
383	176	-30	1	0
383	185	0	-1	0
383	209	0	-1	0
383	210	-30	1	0
383	366	0	-1	0
383	367	0	-1	0
383	394	0	-1	0
384	39	0	-1	0
384	71	10	0	0
384	115	-30	1	0
384	176	-30	1	0
384	185	0	-1	0
384	209	0	-1	0
384	210	-30	1	0
384	366	0	-1	0
384	367	0	-1	0
384	394	0	-1	0
385	39	0	-1	0
385	71	10	0	0
385	115	-30	1	0
385	176	-30	1	0
385	185	0	-1	0
385	209	0	-1	0
385	210	-30	1	0
385	366	0	-1	0
385	367	0	0	0
385	394	0	-1	0
386	76	-30	1	0
386	115	-30	1	0
386	210	-30	1	0
387	364	-30	1	0
387	397	10	0	0
388	21	-30	1	0
388	71	-30	1	0
388	86	-30	1	0
388	235	-30	1	0
388	322	-30	1	0
389	213	-30	1	0
389	275	10	0	0
389	294	-30	1	0
389	311	-30	1	0
389	361	-100	1	0
390	23	-30	1	0
390	193	10	0	0
390	281	-30	1	0
391	336	-30	1	0
392	43	10	0	0
392	256	-30	1	0
392	257	10	0	0
392	258	10	0	0
392	260	10	0	0
392	379	-30	1	0
393	24	10	0	0
393	193	10	0	0
393	323	-30	1	0
394	192	5	0	0
394	207	5	0	0
394	273	-5	1	0
394	353	5	0	0
395	107	-30	1	0
395	108	-30	1	0
395	193	10	0	0
395	339	-30	1	0
396	193	10	0	0
396	339	-30	1	0
396	463	0	-1	0
397	22	-50	1	0
397	66	5	0	0
397	292	5	0	0
398	382	-30	1	0
399	31	0	-1	0
399	149	10	-1	0
399	182	10	0	0
399	299	-30	1	0
401	327	-30	1	0
402	23	-30	1	0
402	193	10	0	0
402	243	-30	1	0
402	281	-30	1	0
403	353	-20	1	0
404	119	-30	1	0
404	121	-30	1	0
404	193	10	0	0
404	383	-30	1	0
404	384	-30	1	0
404	418	10	0	0
405	23	-30	1	0
405	193	10	0	0
405	281	-30	1	0
406	24	-30	1	0
406	193	-30	1	0
407	20	-30	1	0
407	250	10	0	0
408	101	0	-1	0
408	243	-30	1	0
408	418	0	-1	0
410	23	10	0	0
410	384	-30	1	0
411	23	-30	1	0
411	121	10	0	0
411	281	-30	1	0
411	384	10	0	0
412	23	-30	1	0
412	281	-30	1	0
412	384	10	0	0
413	151	-30	1	0
413	353	-30	1	0
415	106	10	0	0
415	107	10	0	0
415	109	-30	1	0
415	193	10	0	0
415	339	-30	1	0
416	23	10	0	0
416	119	-30	1	0
416	121	-30	1	0
417	23	10	0	0
417	119	-30	1	0
417	121	-30	1	0
417	193	10	0	0
417	418	10	0	0
418	385	-30	1	0
419	385	-30	1	0
420	8	-30	1	0
420	43	-30	1	0
420	91	0	1	0
420	169	0	1	0
420	178	-30	1	0
420	366	0	-1	0
421	325	-30	1	0
422	1	0	-1	0
422	92	-30	0	0
422	108	0	-1	0
422	119	0	-1	0
422	121	0	-1	0
422	193	10	-1	0
422	243	0	-1	0
422	250	5	-1	0
422	314	-20	0	0
422	418	-50	0	0
423	361	-30	1	0
424	1	-30	1	0
424	101	0	-1	0
424	207	-30	1	0
424	418	0	-1	0
425	23	-30	1	0
425	24	-30	1	0
425	121	10	0	0
425	281	-30	1	0
426	1	0	-1	0
426	92	-30	1	0
426	108	0	-1	0
426	193	10	0	0
426	243	0	-1	0
426	250	10	0	0
426	314	-30	1	0
426	418	-30	1	0
427	278	-30	1	0
428	42	10	0	0
428	49	10	-1	0
428	188	-30	1	0
428	189	-30	1	0
429	337	-30	1	0
430	179	100	0	0
430	352	-200	1	0
431	42	15	0	0
431	49	30	0	0
431	179	-30	1	0
431	188	-30	1	0
431	189	-30	1	0
433	278	-30	1	0
433	399	10	-1	0
434	32	-30	1	0
434	244	10	0	0
434	365	-30	1	0
435	303	-30	1	0
435	345	10	0	0
436	114	-30	-1	0
436	199	10	1	0
437	42	10	0	0
437	49	10	0	0
437	179	-30	1	0
437	188	-30	1	0
437	189	-30	1	0
438	150	-30	1	0
439	42	-350	1	0
439	179	250	0	0
439	362	-350	1	0
440	42	-30	1	0
440	188	10	0	0
440	189	10	0	0
440	362	-30	1	0
441	32	10	0	0
441	244	-30	1	0
441	365	10	0	0
442	32	-30	1	0
442	42	10	0	0
442	273	10	0	0
442	365	-30	1	0
443	49	-30	1	0
444	49	-350	1	0
444	67	-350	1	0
444	179	250	0	0
446	116	-30	1	0
447	278	0	-1	0
447	395	0	-1	0
447	399	-30	1	0
448	43	-30	1	0
448	99	-30	1	0
448	263	-30	1	0
448	290	-30	1	0
448	304	-30	1	0
449	50	-30	1	0
449	317	10	0	0
449	359	-30	1	0
450	241	-30	1	0
450	345	10	0	0
452	193	-30	1	0
452	317	-30	1	0
453	32	-30	1	0
453	244	10	-1	0
453	365	-30	1	0
454	42	-30	1	0
454	160	-30	1	0
454	273	-30	1	0
454	339	10	0	0
455	49	-30	1	0
455	67	-30	1	0
455	179	10	0	0
455	188	10	0	0
455	189	10	0	0
456	20	0	-1	0
456	23	0	-1	0
456	30	-30	1	0
456	62	-30	1	0
456	119	0	-1	0
456	121	0	-1	0
456	193	-30	1	0
456	282	-30	1	0
456	317	-30	1	0
456	323	0	-1	0
456	366	0	-1	0
456	367	0	-1	0
456	383	0	-1	0
456	384	0	-1	0
456	394	0	-1	0
457	92	-30	1	0
457	193	10	-1	0
457	250	10	-1	0
457	314	-30	1	0
457	418	-30	1	0
458	99	0	1	0
459	46	-30	1	0
459	128	-30	1	0
459	292	10	0	0
459	314	10	0	0
461	92	10	1	0
461	193	-30	-1	0
461	250	-30	-1	0
461	314	10	0	0
461	418	10	1	0
462	67	350	0	0
462	179	-350	1	0
462	188	-350	1	0
462	189	-350	1	0
462	362	350	0	0
463	189	10	0	0
464	188	0	-1	0
464	278	0	-1	0
464	367	0	-1	0
465	49	-30	1	0
465	67	-30	1	0
465	188	10	0	0
465	189	10	0	0
465	278	0	-1	0
466	42	-30	1	0
466	179	10	0	0
466	189	10	0	0
466	362	-30	1	0
467	67	10	0	0
467	179	-30	1	0
467	189	-30	1	0
467	362	10	0	0
468	67	-30	1	0
468	188	10	0	0
468	189	10	0	0
469	171	-30	1	0
470	32	0	1	0
472	41	-30	1	0
472	133	10	0	0
472	180	10	0	0
472	249	-30	0	0
472	316	10	0	0
473	41	-30	1	0
473	133	10	0	0
473	180	10	0	0
473	314	10	0	0
473	316	10	0	0
475	41	-30	1	0
475	249	-30	1	0
475	310	-30	1	0
476	94	-30	1	0
477	215	-30	1	0
477	314	-30	1	0
478	12	10	0	0
478	75	-30	1	0
478	133	10	0	0
478	184	10	0	0
479	71	10	0	0
479	76	-30	1	0
479	115	-30	1	0
479	176	-30	1	0
479	210	-30	1	0
480	41	-30	1	0
480	133	10	0	0
480	180	10	0	0
480	314	10	0	0
480	316	10	0	0
481	21	-30	1	0
481	33	-30	1	0
481	53	-30	1	0
481	135	10	0	0
481	164	-30	1	0
482	62	-30	1	0
482	193	-30	1	0
483	62	-30	1	0
483	193	-30	1	0
483	366	0	-1	0
484	30	-30	1	0
484	193	-30	1	0
485	317	-30	1	0
485	366	0	-1	0
486	79	-30	1	0
489	114	10	0	0
489	199	-30	1	0
490	134	0	1	0
491	9	-30	1	0
492	386	-30	1	0
493	28	0	-1	0
493	30	-30	1	0
493	62	-30	1	0
493	108	0	-1	0
493	193	-100	1	0
493	282	-30	1	0
493	317	-30	1	0
493	323	0	-1	0
493	366	0	-1	0
493	367	0	-1	0
493	394	0	-1	0
493	457	0	-1	0
494	21	-30	1	0
494	53	-30	1	0
494	105	-30	1	0
494	135	10	0	0
494	235	-30	1	0
494	257	10	0	0
495	172	-30	1	0
495	247	-30	1	0
496	172	-30	1	0
496	247	-30	1	0
497	60	-30	1	0
497	143	10	0	0
497	145	-30	1	0
497	147	-30	1	0
498	135	-30	1	0
498	167	-30	1	0
498	183	-30	1	0
498	257	-30	1	0
498	366	0	-1	0
498	367	0	-1	0
498	394	0	-1	0
498	457	0	-1	0
498	462	0	-1	0
499	92	10	0	0
499	99	0	-1	0
499	155	-30	1	0
499	260	10	0	0
499	311	10	0	0
500	71	10	0	0
500	76	-30	1	0
500	115	-30	1	0
500	210	-30	1	0
502	56	10	0	0
502	60	10	0	0
502	79	10	0	0
502	112	10	0	0
502	143	-30	1	0
502	247	10	0	0
504	62	-30	1	0
505	56	10	0	0
505	60	10	0	0
505	79	10	0	0
505	112	10	0	0
505	143	-30	1	0
506	18	0	1	0
507	122	-30	1	0
507	132	10	0	0
507	201	-30	1	0
508	191	-30	1	0
509	3	-30	1	0
509	293	-30	1	0
509	358	10	0	0
510	96	10	0	0
510	139	10	0	0
510	141	-30	1	0
510	142	10	0	0
510	298	10	0	0
510	329	-30	1	0
511	96	10	0	0
511	138	-30	1	0
511	139	-30	1	0
511	142	10	0	0
511	206	10	0	0
511	284	-30	1	0
511	329	0	-1	0
511	350	10	0	0
511	366	0	-1	0
511	394	0	-1	0
512	130	-30	1	0
513	65	-30	1	0
514	81	10	0	0
514	141	-30	1	0
514	152	10	0	0
514	153	10	0	0
514	154	10	0	0
514	191	-30	1	0
515	37	10	0	0
515	96	10	0	0
515	139	10	0	0
515	142	10	0	0
515	284	10	0	0
515	298	10	0	0
515	329	-30	1	0
515	388	-30	1	0
516	242	-30	1	0
517	390	-30	1	0
518	490	0	1	0
519	18	0	1	0
520	181	-30	0	0
521	65	0	-1	0
521	141	0	-1	0
521	181	-30	1	0
521	242	0	-1	0
521	366	0	-1	0
521	394	0	-1	0
521	460	0	-1	0
521	461	0	-1	0
522	461	0	1	0
523	3	10	0	0
523	55	-30	1	0
523	239	-30	1	0
523	293	10	0	0
523	349	-30	1	0
524	81	10	0	0
524	140	10	0	0
524	141	-30	1	0
524	191	-30	1	0
525	321	-30	1	0
525	324	-30	1	0
525	332	10	0	0
525	334	-30	1	0
526	42	-30	1	0
526	84	-30	1	0
526	189	10	0	0
526	273	-30	1	0
527	460	0	1	0
528	491	0	1	0
529	140	-30	1	0
529	141	10	0	0
529	152	-30	1	0
529	366	0	-1	0
529	394	0	-1	0
531	122	10	-1	0
531	293	-30	1	0
532	129	-30	1	0
532	205	-30	1	0
533	285	-30	1	0
533	286	-30	1	0
533	287	-30	1	0
533	289	-30	1	0
533	354	10	0	0
534	54	-30	1	0
534	161	10	0	0
534	228	10	0	0
534	349	-30	1	0
534	350	10	0	0
535	285	-30	1	0
535	286	-30	1	0
535	287	-30	1	0
535	289	-30	1	0
536	358	0	1	0
537	132	-30	1	0
538	129	-30	1	0
538	205	-30	1	0
538	284	10	0	0
539	333	-30	1	0
540	129	-30	1	0
540	138	10	0	0
540	139	10	0	0
540	142	10	0	0
540	205	-30	1	0
540	284	10	0	0
540	298	10	0	0
542	193	-375	0	0
542	317	-1500	1	0
543	92	-30	1	0
543	193	10	0	0
543	314	-30	1	0
543	418	-30	1	0
546	140	10	0	0
546	141	-30	1	0
546	152	10	0	0
546	153	10	0	0
546	154	10	0	0
546	191	-30	1	0
547	64	-30	1	0
547	230	10	0	0
547	353	-30	1	0
547	418	10	0	0
548	62	-30	1	0
548	193	-30	0	0
548	366	0	-1	0
549	132	-60	0	0
549	366	0	-1	0
549	367	0	-1	0
549	394	0	-1	0
549	457	0	-1	0
550	168	-30	1	0
550	228	10	0	0
550	307	-30	1	0
551	52	-30	1	0
553	55	10	0	0
553	96	10	0	0
553	138	10	0	0
553	139	10	0	0
553	206	-30	1	0
553	228	10	0	0
553	284	10	0	0
553	350	-30	1	0
554	350	-30	1	0
555	6	-30	0	0
557	474	0	-1	0
558	470	0	-1	0
559	468	0	1	0
560	474	0	-1	0
561	13	10	0	0
561	126	-30	1	0
561	127	-30	1	0
561	197	-30	1	0
561	198	-30	1	0
562	123	-30	1	0
563	488	0	1	0
564	13	-30	1	0
564	315	-30	1	0
565	489	0	1	0
566	58	-10	1	0
566	261	10	0	0
567	391	-30	1	0
569	203	-30	1	0
571	328	-30	1	0
572	58	10	0	0
572	261	-30	1	0
573	320	-30	1	0
574	30	-30	1	0
574	62	-30	1	0
574	119	0	-1	0
574	121	0	-1	0
574	193	-30	1	0
574	282	-30	1	0
574	317	-30	1	0
574	323	0	-1	0
574	327	0	-1	0
574	366	0	-1	0
574	367	0	-1	0
574	383	0	-1	0
574	394	0	-1	0
575	23	-30	1	0
575	85	-30	1	0
575	93	-30	1	0
576	55	10	0	0
576	96	10	0	0
576	139	-30	1	0
577	278	0	-1	0
577	399	-30	1	0
578	49	0	-1	0
578	278	-30	1	0
579	49	0	-1	0
580	141	-30	1	0
580	152	10	0	0
580	153	10	0	0
580	154	10	0	0
580	191	-30	0	0
581	65	0	-1	0
581	140	-30	1	0
581	141	10	-1	0
581	152	-30	0	0
581	242	0	-1	0
581	366	0	-1	0
581	394	0	-1	0
581	460	0	-1	0
581	461	0	-1	0
582	141	-30	1	0
582	152	10	0	0
582	153	10	0	0
582	154	10	0	0
583	154	-30	1	0
583	338	-30	0	0
584	96	10	0	0
584	138	-30	1	0
584	139	-30	1	0
584	142	10	0	0
584	206	10	0	0
584	284	-30	1	0
584	350	10	0	0
584	366	0	-1	0
584	394	0	-1	0
585	122	0	-1	0
585	132	-30	0	0
585	201	0	-1	0
585	293	0	-1	0
585	366	0	-1	0
585	367	0	-1	0
585	394	0	-1	0
585	457	0	-1	0
586	132	-5	1	0
586	394	0	-1	0
588	37	10	0	0
588	168	-30	1	0
588	206	-30	1	0
588	284	10	0	0
588	298	10	0	0
588	350	-30	1	0
589	55	10	0	0
589	96	10	0	0
589	138	10	0	0
589	139	10	0	0
589	168	-30	1	0
589	206	-30	1	0
589	228	10	0	0
589	284	10	0	0
589	350	-30	1	0
590	52	-30	1	0
590	142	10	0	0
590	284	10	0	0
591	55	10	0	0
591	96	10	0	0
591	138	10	0	0
591	139	10	0	0
591	142	10	0	0
591	168	-30	1	0
591	206	-30	1	0
591	228	10	0	0
591	284	10	0	0
592	55	10	0	0
592	142	10	0	0
592	228	-30	1	0
592	298	10	0	0
592	350	10	0	0
593	297	-30	1	0
594	37	10	0	0
594	96	10	0	0
594	139	10	0	0
594	142	10	0	0
594	284	10	0	0
594	298	10	0	0
594	329	-30	1	0
594	335	-30	1	0
595	153	-30	1	0
595	338	-30	1	0
596	154	-30	1	0
596	338	-30	1	0
597	140	-30	1	0
597	141	10	0	0
597	152	-30	1	0
598	153	-30	1	0
598	338	-30	1	0
599	140	-30	1	0
599	152	-30	1	0
599	338	-30	1	0
600	42	10	0	0
600	179	-30	1	0
600	188	-30	1	0
600	189	-30	1	0
601	67	10	0	0
601	179	-30	1	0
601	189	-30	1	0
601	362	10	0	0
602	96	10	0	0
602	142	10	0	0
602	168	10	0	0
602	228	10	0	0
602	284	-30	1	0
602	298	-30	1	0
603	96	10	0	0
603	138	-30	1	0
603	139	-30	1	0
603	142	10	0	0
603	206	10	0	0
603	284	-30	1	0
603	350	10	0	0
604	37	-30	1	0
604	96	-30	1	0
604	139	-30	1	0
604	142	-30	1	0
604	168	10	0	0
604	298	-30	1	0
605	52	10	0	0
605	96	10	0	0
605	142	-30	1	0
605	228	10	0	0
605	284	-30	1	0
605	298	10	0	0
606	96	10	0	0
606	138	-30	1	0
606	139	-30	1	0
606	142	10	0	0
606	206	10	0	0
606	284	-30	1	0
606	350	10	0	0
607	96	-30	1	0
607	139	10	0	0
607	141	10	0	0
607	142	10	0	0
607	206	10	0	0
607	284	-30	1	0
607	350	10	0	0
608	96	10	0	0
608	142	10	0	0
608	168	10	0	0
608	228	10	0	0
608	284	-30	1	0
608	298	-30	1	0
609	52	10	0	0
609	96	-30	1	0
609	139	-30	1	0
609	142	-30	1	0
609	168	10	0	0
609	206	10	0	0
609	284	-30	1	0
609	298	-30	1	0
609	350	10	0	0
610	96	-30	1	0
610	138	-30	1	0
610	139	-30	1	0
610	142	-30	1	0
610	206	10	0	0
610	284	-30	1	0
610	350	10	0	0
611	46	-30	1	0
611	57	-30	1	0
611	128	10	0	0
612	250	-30	1	0
612	418	10	0	0
613	46	-30	1	0
613	128	-30	1	0
613	292	10	0	0
613	314	10	0	0
614	18	-30	1	0
615	42	1	0	0
615	49	5	0	0
615	188	-10	1	0
615	189	-2	1	0
616	49	-30	1	0
616	67	-30	1	0
616	188	10	0	0
616	189	10	0	0
618	49	10	0	0
618	67	10	0	0
618	188	-30	0	0
618	189	-30	0	0
619	42	1	0	0
619	179	-3	1	0
619	188	-3	1	0
619	189	-3	1	0
620	42	10	0	0
620	67	10	0	0
620	179	-30	1	0
620	188	-30	1	0
620	189	-30	1	0
620	362	10	0	0
622	43	-30	1	0
622	99	-30	1	0
622	290	-30	1	0
622	304	-30	1	0
624	343	-30	1	0
625	42	-30	1	0
625	134	-30	1	0
625	189	10	0	0
625	362	-30	1	0
626	42	-30	1	0
626	189	10	0	0
626	362	-30	1	0
627	42	-30	1	0
627	134	-30	1	0
628	42	-30	1	0
628	134	-30	1	0
629	49	-30	1	0
629	67	-30	1	0
629	188	10	0	0
629	189	10	0	0
630	42	-30	1	0
630	189	10	0	0
630	362	-30	1	0
631	42	10	0	0
631	49	10	0	0
631	188	-30	1	0
631	189	-30	1	0
632	473	-50	1	0
633	225	-5	1	0
634	352	-30	0	0
635	352	-30	1	0
636	1	-30	1	0
636	207	-30	1	0
638	282	-30	1	0
638	366	0	-1	0
639	24	-30	1	0
640	366	0	-1	0
641	156	-30	1	0
642	1	0	-1	0
642	92	-30	1	0
642	193	10	0	0
642	243	0	-1	0
642	250	10	0	0
642	314	-30	1	0
642	418	-30	1	0
643	92	-30	1	0
643	193	10	0	0
643	250	10	0	0
643	314	-30	1	0
643	418	-30	1	0
645	108	-30	1	0
646	119	-30	1	0
646	121	-30	1	0
646	193	10	0	0
646	418	10	0	0
647	62	-30	0	0
647	193	-30	0	0
648	342	-30	1	0
649	92	-30	1	0
649	193	10	0	0
649	250	10	0	0
649	314	-30	1	0
649	418	-30	1	0
650	92	-30	1	0
650	193	10	-1	0
650	250	10	-1	0
650	314	-30	1	0
650	418	-30	1	0
651	23	-10	0	0
652	89	-30	1	0
652	207	10	0	0
652	353	-30	1	0
653	193	-30	1	0
653	317	-30	1	0
655	35	-30	1	0
655	136	-30	1	0
655	146	-30	1	0
655	202	-30	1	0
655	264	-30	1	0
657	136	-30	1	0
657	146	-30	1	0
657	202	-30	1	0
657	245	-30	1	0
657	264	-30	1	0
658	13	10	0	0
658	126	-30	1	0
658	197	-30	1	0
659	151	-30	1	0
659	353	-30	1	0
660	20	-30	1	0
660	250	-30	1	0
661	288	-30	1	0
662	16	-30	1	0
664	124	-30	1	0
664	195	-30	1	0
665	2	-30	1	0
665	13	10	0	0
665	328	10	0	0
666	13	10	0	0
666	126	-30	1	0
666	197	-30	1	0
667	13	10	0	0
667	127	-30	1	0
667	198	-30	1	0
668	13	10	0	0
668	127	-30	1	0
668	198	-30	1	0
669	124	-30	1	0
669	195	-30	1	0
670	13	10	0	0
670	125	-30	1	0
670	196	-30	1	0
671	13	10	0	0
671	124	-30	1	0
671	195	-30	1	0
672	30	-30	1	0
672	62	-30	1	0
672	193	-30	1	0
672	282	-30	1	0
672	317	-30	1	0
673	23	1	0	0
673	121	-5	1	0
674	470	0	-1	0
675	193	10	0	0
675	339	-30	1	0
676	107	-30	1	0
676	193	10	0	0
676	339	-30	1	0
677	221	-30	1	0
677	273	-30	1	0
681	30	-30	1	0
681	62	-30	1	0
681	193	-30	1	0
681	282	-30	1	0
681	317	-30	1	0
682	33	1	0	0
682	135	1	0	0
682	149	1	0	0
682	166	-2	1	0
682	167	1	0	0
683	28	-30	1	0
684	62	-30	1	0
684	193	-30	1	0
685	193	-30	1	0
685	282	-30	1	0
686	192	10	0	0
686	207	10	0	0
686	273	-30	1	0
686	353	10	0	0
687	353	-30	1	0
688	353	0	1	0
689	308	-30	1	0
691	92	-30	1	0
691	155	10	0	0
691	174	-30	1	0
691	212	-30	1	0
692	30	-25	1	0
692	62	-25	1	0
692	193	-100	1	0
692	282	-25	1	0
692	317	-25	1	0
692	366	0	-1	0
693	4	10	0	0
693	5	-30	1	0
694	4	-30	1	0
694	5	10	0	0
695	48	-30	1	0
695	75	0	-1	0
695	105	-30	1	0
695	184	10	0	0
695	258	10	0	0
695	366	0	-1	0
695	367	0	-1	0
695	394	0	-1	0
695	457	0	-1	0
695	462	0	-1	0
696	48	-30	1	0
696	75	0	-1	0
696	105	-30	1	0
696	184	10	0	0
696	258	10	0	0
696	366	0	-1	0
696	367	0	-1	0
696	394	0	-1	0
697	48	-30	1	0
697	105	-30	1	0
697	184	10	0	0
697	258	10	0	0
697	366	0	-1	0
697	367	0	-1	0
697	394	0	-1	0
698	12	10	0	0
698	51	10	0	0
698	75	-30	1	0
698	133	10	0	0
698	184	10	0	0
699	48	-30	1	0
699	105	-30	1	0
699	184	10	0	0
699	258	10	0	0
700	208	-30	1	0
700	218	-30	1	0
700	316	-30	1	0
700	347	10	0	0
701	159	-30	1	0
701	182	-30	1	0
701	265	-30	1	0
701	347	10	0	0
704	186	-30	1	0
704	305	10	0	0
705	69	-30	1	0
705	87	-30	1	0
705	88	-30	1	0
706	131	-30	1	0
707	22	10	0	0
707	66	-30	1	0
708	22	10	0	0
708	66	-30	1	0
708	106	10	0	0
708	292	-30	1	0
709	70	-30	1	0
709	106	10	0	0
709	292	-30	1	0
710	70	-30	1	0
710	106	10	0	0
710	292	-30	1	0
711	22	10	0	0
711	66	-30	1	0
711	106	10	0	0
711	292	-30	1	0
712	91	10	0	0
712	170	10	0	0
712	177	10	0	0
712	260	10	0	0
712	268	-30	1	0
712	322	-30	1	0
713	120	10	0	0
713	341	-30	1	0
714	301	-10	1	0
715	223	0	1	0
716	32	-30	1	0
716	244	10	0	0
716	365	-30	1	0
717	204	-30	1	0
718	110	-30	1	0
720	280	-30	1	0
721	277	-30	1	0
722	312	-30	1	0
723	392	-30	1	0
723	463	0	-1	0
725	104	-30	1	0
726	262	-30	1	0
727	231	2	0	0
727	270	-30	1	0
728	144	-30	1	0
728	231	2	0	0
729	59	-1	1	0
730	144	0	1	0
730	231	10	0	0
730	254	-30	1	0
731	76	-30	1	0
731	115	-30	1	0
731	176	-30	1	0
731	210	-30	1	0
732	210	-30	1	0
733	117	-30	1	0
734	187	-30	1	0
734	314	10	0	0
735	63	-30	1	0
735	92	10	0	0
735	99	10	0	0
735	155	-30	1	0
735	314	10	0	0
736	133	10	0	0
736	313	-30	1	0
737	105	10	0	0
737	258	-30	1	0
737	311	-30	1	0
738	51	-30	1	0
738	105	-30	1	0
738	184	-30	1	0
738	258	-30	1	0
739	47	-30	1	0
739	48	-30	1	0
739	184	-30	1	0
739	217	-30	1	0
740	79	-30	1	0
740	257	-30	1	0
741	99	-30	1	0
741	170	-30	1	0
741	178	-30	1	0
741	322	10	0	0
742	8	-30	1	0
742	212	-30	1	0
743	8	-30	1	0
743	43	-30	1	0
743	178	-30	1	0
744	48	-30	1	0
744	183	-30	1	0
744	217	-30	1	0
744	257	-30	1	0
745	283	-30	1	0
746	71	10	0	0
746	91	-30	1	0
746	115	-30	1	0
746	176	-30	1	0
746	210	-30	1	0
746	322	10	0	0
747	111	-1	1	0
748	135	-30	1	0
748	184	-30	1	0
748	192	-30	1	0
748	207	10	0	0
748	273	10	0	0
749	44	-30	1	0
749	169	-30	1	0
749	219	-30	1	0
749	314	-30	1	0
750	57	2	0	0
750	169	-1	1	0
750	215	-2	1	0
750	314	-10	1	0
750	394	0	-1	0
751	57	10	0	0
751	169	-30	1	0
751	215	-30	1	0
751	219	-30	1	0
751	314	-30	1	0
752	215	-30	1	0
754	46	10	0	0
754	169	-30	1	0
754	207	10	0	0
754	273	10	0	0
754	314	-30	1	0
755	44	-30	1	0
755	169	-30	1	0
755	219	-30	1	0
756	175	-30	1	0
757	26	-30	1	0
758	87	-30	1	0
758	88	-30	1	0
759	69	-30	1	0
759	87	-30	1	0
759	88	-30	1	0
760	69	-30	1	0
760	331	-30	1	0
761	43	10	0	0
761	177	-30	1	0
761	256	-30	1	0
761	257	10	0	0
761	258	10	0	0
761	260	10	0	0
762	31	10	0	0
762	133	10	0	0
762	137	-30	1	0
762	361	10	0	0
763	69	-30	1	0
765	43	-30	1	0
765	63	10	0	0
765	99	-30	1	0
765	178	-30	1	0
765	304	-30	1	0
766	213	-30	1	0
766	294	-30	1	0
766	311	-30	1	0
766	361	-30	1	0
767	135	-30	1	0
767	159	-30	1	0
767	265	-30	1	0
767	267	-30	1	0
767	347	10	0	0
768	53	-30	1	0
768	135	10	0	0
769	135	10	-1	0
769	217	10	-1	0
770	53	-30	1	0
771	169	-30	1	0
771	215	-30	1	0
771	219	-30	1	0
771	220	10	0	0
771	314	-30	1	0
772	48	10	0	0
772	77	-30	1	0
772	133	-30	1	0
772	208	-30	1	0
772	218	-30	1	0
772	316	-30	1	0
773	48	10	0	0
773	77	-30	1	0
773	133	-30	1	0
773	208	-30	1	0
773	218	-30	1	0
773	316	-30	1	0
774	83	-2	1	0
775	481	0	-1	0
776	39	-30	1	0
776	115	10	0	0
777	211	-30	1	0
778	56	10	0	0
778	60	10	0	0
778	79	10	0	0
778	112	10	0	0
778	143	-10	1	0
778	366	0	-1	0
778	367	0	-1	0
778	394	0	-1	0
778	457	0	-1	0
779	133	10	0	0
779	180	10	0	0
779	249	-30	1	0
780	177	-30	1	0
780	256	-30	1	0
780	257	10	0	0
780	258	10	0	0
780	260	10	0	0
781	105	10	0	0
781	184	-30	1	0
781	258	-30	1	0
782	143	10	0	0
782	145	-30	1	0
782	147	-30	1	0
782	211	-30	1	0
783	9	-30	1	0
783	33	10	0	0
783	53	10	0	0
783	135	-30	1	0
783	217	-30	1	0
784	31	0	-1	0
784	149	10	0	0
784	166	10	0	0
784	167	10	0	0
784	224	-30	1	0
785	31	1	-1	0
785	149	10	0	0
785	166	10	0	0
785	167	10	0	0
785	224	-30	1	0
786	80	-30	1	0
790	31	1	-1	0
791	86	10	0	0
791	105	10	0	0
791	184	-30	1	0
791	258	-30	1	0
791	311	-30	1	0
792	29	-30	1	0
792	219	10	0	0
792	314	10	0	0
793	119	-30	1	0
793	121	-30	1	0
793	193	10	0	0
793	418	10	0	0
794	252	-30	1	0
794	271	10	0	0
795	30	-30	1	0
796	221	-30	1	0
796	273	-30	1	0
797	33	-30	1	0
797	53	-30	1	0
797	135	10	0	0
797	164	-30	1	0
797	217	10	0	0
798	326	-30	1	0
799	30	-5	-1	0
799	193	-5	-1	0
800	193	-30	1	0
800	282	-30	1	0
801	43	10	0	0
801	177	-30	1	0
801	256	-30	1	0
801	257	10	0	0
801	258	10	0	0
801	260	10	0	0
802	155	-30	1	0
802	177	-30	1	0
802	178	10	0	0
802	268	10	0	0
802	322	10	0	0
803	159	-30	1	0
803	166	10	0	0
803	265	-30	1	0
803	267	-30	1	0
804	115	-30	1	0
804	176	-30	1	0
804	210	-30	1	0
804	220	-30	1	0
804	305	-30	1	0
805	23	10	0	0
805	119	-30	1	0
809	30	-30	1	0
809	62	-30	1	0
809	193	-30	1	0
809	282	-30	1	0
809	317	-30	1	0
810	143	-30	1	0
811	182	10	0	0
811	214	10	0	0
811	299	-30	1	0
812	60	-30	1	0
812	143	10	0	0
812	145	-30	1	0
812	147	-30	1	0
813	223	-30	1	0
814	99	-30	1	0
814	178	-30	1	0
814	304	-30	1	0
815	71	10	0	0
815	115	-30	1	0
815	176	-30	1	0
815	210	-30	1	0
816	135	1	0	0
816	167	1	0	0
816	279	-1	1	0
816	309	-5	1	0
817	43	-30	1	0
817	99	-30	1	0
817	290	-30	1	0
818	43	-30	1	0
818	99	-30	1	0
818	290	-30	1	0
818	304	-30	1	0
819	251	-30	1	0
820	49	-30	0	0
820	67	-30	0	0
820	188	10	0	0
820	189	10	0	0
821	399	-30	1	0
822	278	-30	1	0
822	399	10	0	0
823	344	-30	1	0
824	42	-30	1	0
824	189	10	0	0
825	241	10	0	0
825	345	-30	1	0
826	42	10	0	0
826	179	-30	1	0
826	188	-30	1	0
826	189	-30	1	0
827	241	10	0	0
827	303	10	0	0
827	345	-30	1	0
828	241	-30	1	0
829	23	-30	1	0
829	121	10	0	0
829	281	-30	1	0
830	40	-1	1	0
830	143	1	0	0
830	147	1	0	0
831	91	10	0	0
831	170	10	0	0
831	177	10	0	0
831	268	-30	1	0
831	322	-30	1	0
832	48	-30	1	0
832	75	0	-1	0
832	105	-30	1	0
832	184	10	0	0
832	258	10	0	0
832	394	0	-1	0
833	9	-30	1	0
833	135	-30	1	0
833	164	10	0	0
833	217	-30	1	0
833	273	10	0	0
834	23	-30	1	0
834	121	10	0	0
834	281	-30	1	0
835	162	-30	1	0
835	314	-30	1	0
836	3	-30	1	0
836	293	-30	1	0
836	358	10	0	0
837	152	-30	1	0
837	153	-30	1	0
837	154	-30	1	0
837	338	-30	1	0
838	321	-30	1	0
838	324	-30	1	0
838	332	10	0	0
838	334	-30	1	0
839	25	-30	1	0
839	85	-30	1	0
839	93	-30	1	0
840	25	-30	1	0
840	85	-30	1	0
840	93	-30	1	0
841	122	-30	1	0
841	293	10	0	0
842	55	-30	1	0
842	228	10	0	0
842	349	-30	1	0
842	350	10	0	0
843	74	10	-1	0
843	330	-30	1	0
844	31	-30	1	0
844	33	-30	1	0
844	48	-30	1	0
844	77	-30	1	0
844	218	10	0	0
845	122	10	0	0
845	293	-30	1	0
846	338	-30	1	0
847	135	-1	1	0
847	159	-2	1	0
847	265	-1	1	0
847	267	-1	1	0
847	347	1	0	0
848	99	-30	1	0
848	170	-30	1	0
848	178	-30	1	0
848	322	10	0	0
849	55	-30	1	0
849	228	10	0	0
849	349	-30	1	0
849	350	10	0	0
850	96	-30	1	0
850	139	10	0	0
850	141	10	0	0
850	142	10	0	0
850	206	10	0	0
850	284	-30	1	0
850	350	10	0	0
851	41	10	0	0
851	180	-30	1	0
851	249	10	-1	0
852	71	-30	1	0
852	91	10	0	0
852	115	10	0	0
852	176	10	0	0
852	322	-30	1	0
853	143	10	0	0
853	145	-30	1	0
853	247	-30	1	0
854	353	-30	1	0
854	418	10	0	0
855	9	-30	1	0
855	21	10	0	0
855	135	-30	1	0
855	183	-30	1	0
855	257	-30	1	0
856	17	-30	1	0
857	73	-30	1	0
857	159	10	0	0
857	265	10	0	0
857	271	10	0	0
858	61	-30	1	0
858	271	-30	1	0
859	271	-30	1	0
859	340	-30	1	0
860	154	-30	1	0
861	31	10	0	0
861	90	-30	1	0
861	133	10	0	0
861	135	10	0	0
861	361	10	0	0
862	31	10	0	0
862	133	10	0	0
862	135	10	0	0
862	137	-30	1	0
862	361	10	0	0
863	10	-30	1	0
863	92	10	0	0
863	99	10	0	0
863	283	10	0	0
863	304	10	0	0
864	105	10	0	0
864	184	-30	1	0
864	258	-30	1	0
865	86	10	0	0
865	105	10	0	0
865	184	-30	1	0
865	258	-30	1	0
865	311	-30	1	0
866	78	-30	1	0
867	79	-30	1	0
867	143	10	0	0
867	145	-30	1	0
868	88	10	0	0
868	133	-30	1	0
868	208	-30	1	0
868	215	-30	1	0
868	316	-30	1	0
869	36	-30	1	0
870	21	10	0	0
870	135	-30	1	0
870	183	-30	1	0
870	257	-30	1	0
871	21	10	0	0
871	135	-30	1	0
871	235	10	0	0
871	240	-30	1	0
872	13	10	0	0
873	13	-30	1	0
873	315	-30	1	0
874	135	10	0	0
874	159	10	0	0
874	267	-30	1	0
874	347	-30	1	0
875	86	10	0	0
875	105	10	0	0
875	135	-30	1	0
875	184	-30	1	0
875	311	-30	1	0
876	37	10	0	0
876	96	10	0	0
876	139	10	0	0
876	142	10	0	0
876	284	10	0	0
876	298	10	0	0
876	329	-30	1	0
876	335	-30	1	0
877	35	-30	1	0
877	136	-30	1	0
877	146	-30	1	0
877	202	-30	1	0
877	264	-30	1	0
878	74	-30	1	0
878	330	10	-1	0
879	264	-30	1	0
880	95	-30	1	0
881	185	-3	1	0
882	141	-30	1	0
882	152	10	0	0
882	153	10	0	0
882	154	10	0	0
882	191	-30	1	0
883	99	-30	1	0
883	178	-30	1	0
883	304	-30	1	0
884	48	-30	1	0
884	75	0	-1	0
884	105	-30	1	0
884	184	10	0	0
884	258	10	0	0
884	394	0	-1	0
885	33	-30	1	0
885	53	-30	1	0
885	135	10	0	0
885	164	-30	1	0
885	217	10	0	0
886	21	10	0	0
886	135	-30	1	0
886	183	-30	1	0
886	257	-30	1	0
887	87	-30	1	0
887	88	-30	1	0
887	155	-30	1	0
887	260	10	0	0
888	71	10	0	0
888	76	-30	1	0
888	115	-30	1	0
888	210	-30	1	0
889	71	10	0	0
889	91	-30	1	0
889	115	-30	1	0
889	176	-30	1	0
889	322	10	0	0
890	13	10	0	0
890	125	-30	1	0
890	196	-30	1	0
891	143	10	0	0
891	145	-30	1	0
891	147	-30	1	0
891	175	10	0	0
891	273	10	0	0
892	57	-30	1	0
892	232	-30	1	0
893	42	10	0	0
893	84	-30	1	0
893	188	-30	1	0
893	189	-30	1	0
894	19	-30	1	0
894	23	10	0	0
894	103	-30	1	0
895	19	-1	1	0
895	23	1	0	0
895	103	-3	1	0
896	21	-1	1	0
896	71	-1	1	0
896	86	-1	1	0
896	235	-5	1	0
896	322	-1	1	0
897	3	10	0	0
897	55	-30	1	0
897	239	-30	1	0
897	293	10	0	0
897	349	-30	1	0
898	61	-30	1	0
898	271	-30	1	0
899	55	-30	1	0
900	299	-30	1	0
901	21	-30	1	0
901	53	-30	1	0
901	135	10	0	0
901	235	-30	1	0
901	257	10	0	0
902	392	-30	1	0
903	31	-30	1	0
903	47	-30	1	0
903	48	-30	1	0
903	53	-30	1	0
903	105	-30	1	0
904	393	-30	1	0
905	158	-30	1	0
906	144	0	1	0
906	194	-30	1	0
906	231	10	0	0
906	254	0	1	0
906	270	0	1	0
907	135	10	0	0
907	159	10	0	0
907	265	10	0	0
907	279	-30	1	0
908	41	10	0	0
908	180	-30	1	0
908	249	10	0	0
909	58	10	0	0
909	261	-30	1	0
910	231	-30	1	0
911	23	10	0	0
911	121	-30	1	0
911	281	10	0	0
912	135	10	0	0
912	159	10	0	0
912	267	-30	1	0
912	347	-30	1	0
913	96	-30	1	0
913	139	10	0	0
914	463	0	1	0
916	135	-30	1	0
916	184	-30	0	0
916	192	-30	1	0
916	207	10	0	0
916	273	10	0	0
918	279	0	-1	0
918	394	0	-1	0
919	279	0	-1	0
919	394	0	-1	0
920	137	0	-1	0
920	235	0	-1	0
920	279	0	-1	0
920	366	0	-1	0
920	367	0	-1	0
920	394	0	-1	0
923	48	10	0	0
923	75	0	-1	0
923	105	10	0	0
923	184	-30	1	0
923	258	-30	1	0
923	366	0	-1	0
923	367	0	-1	0
923	394	0	-1	0
924	31	10	0	0
924	90	-30	0	0
924	133	10	0	0
924	135	10	0	0
924	361	10	0	0
925	41	0	-1	0
925	63	0	-1	0
925	249	0	-1	0
925	313	0	-1	0
925	366	0	-1	0
925	367	0	-1	0
925	394	0	-1	0
926	18	-30	0	0
927	75	-30	1	0
928	79	-30	0	0
928	143	10	0	0
928	145	-30	0	0
930	22	30	0	0
930	66	-200	1	0
930	106	0	-1	0
930	111	0	-1	0
930	185	0	-1	0
930	291	0	-1	0
930	366	0	-1	0
930	367	0	-1	0
930	394	0	-1	0
930	457	0	-1	0
931	39	0	-1	0
931	185	0	-1	0
931	209	0	-1	0
931	366	0	-1	0
931	367	0	-1	0
931	394	0	-1	0
933	99	-30	0	0
933	170	-30	1	0
933	178	-30	0	0
933	322	10	0	0
937	23	-30	1	0
937	193	10	-1	0
937	281	-30	0	0
938	318	-30	0	0
939	394	0	1	0
939	475	10	0	0
941	366	0	-1	0
941	394	0	-1	0
941	401	0	-1	0
941	424	0	-1	0
941	475	-30	1	0
941	476	-30	1	0
942	476	-30	1	0
943	424	-30	1	0
944	75	0	-1	0
944	394	0	-1	0
945	9	-30	1	0
945	33	10	0	0
945	53	10	0	0
945	135	-150	1	0
945	217	-30	1	0
945	279	0	-1	0
945	366	0	-1	0
945	367	0	-1	0
945	394	0	-1	0
945	457	0	-1	0
946	279	0	-1	0
946	394	0	-1	0
947	42	3	-1	0
947	49	5	-1	0
947	179	0	1	0
947	188	-10	1	0
947	189	-8	1	0
948	89	-20	1	0
948	207	3	0	0
948	353	-30	1	0
949	135	10	-1	0
949	272	10	-1	0
949	309	-30	1	0
950	114	10	-1	0
950	199	-30	1	0
952	248	-50	0	0
954	132	-30	1	0
955	140	10	0	0
955	141	-30	0	0
955	191	-30	1	0
956	52	200	0	0
956	96	-2000	1	0
956	139	-2000	1	0
956	142	-2000	1	0
956	168	200	0	0
956	206	200	0	0
956	284	-2000	1	0
956	298	-2000	1	0
956	350	200	0	0
957	52	10	0	0
957	96	-30	1	0
957	139	-30	1	0
957	142	-30	1	0
957	168	10	0	0
957	206	10	0	0
957	284	-30	1	0
957	298	-30	1	0
957	350	10	0	0
958	55	10	0	0
958	96	10	0	0
958	138	10	0	0
958	139	10	0	0
958	168	-30	1	0
958	206	-30	1	0
958	228	10	0	0
958	284	10	0	0
958	350	-30	1	0
959	3	10	0	0
959	55	-30	1	0
959	239	-30	1	0
959	293	10	0	0
959	349	-30	1	0
960	72	-30	1	0
960	129	-30	1	0
960	205	-30	1	0
961	72	-30	1	0
961	129	-30	1	0
961	205	-30	1	0
962	348	-30	1	0
963	129	-30	1	0
963	138	10	0	0
963	139	10	0	0
963	142	10	0	0
963	205	-30	1	0
963	284	10	0	0
963	298	10	0	0
964	129	-30	1	0
964	205	-30	1	0
964	284	10	0	0
965	3	10	0	0
965	55	-30	1	0
965	239	-30	1	0
965	293	10	0	0
965	349	-30	1	0
965	463	0	-1	0
966	55	10	0	0
966	96	10	0	0
966	138	10	0	0
966	139	10	0	0
966	168	-30	1	0
966	206	-30	1	0
966	228	10	0	0
966	284	10	0	0
966	350	-30	1	0
967	388	-30	1	0
968	37	10	0	0
968	96	10	0	0
968	139	10	0	0
968	142	10	0	0
968	284	10	0	0
968	329	-30	1	0
968	335	-30	1	0
969	285	-30	1	0
969	286	-30	1	0
969	287	-30	1	0
969	289	-30	1	0
969	354	10	0	0
970	285	-30	1	0
970	286	-30	1	0
970	287	-30	1	0
970	289	-30	1	0
970	354	10	0	0
971	25	-30	1	0
971	85	-30	1	0
972	25	-30	1	0
972	85	-30	1	0
972	93	-30	1	0
973	321	-30	1	0
973	324	-30	1	0
973	332	10	0	0
973	334	-30	1	0
974	321	-30	1	0
975	222	-30	1	0
976	389	-30	1	0
977	321	10	0	0
977	324	10	0	0
977	332	-30	1	0
977	334	10	0	0
978	293	-30	1	0
978	296	-30	1	0
978	358	10	0	0
980	42	-30	1	0
980	84	-701	0	0
980	189	10	0	0
980	273	-30	0	0
981	458	0	1	0
982	457	0	1	0
983	194	-30	1	0
983	398	10	0	0
983	410	10	0	0
983	435	10	0	0
984	48	-100	0	0
984	105	-200	0	0
984	184	60	0	0
984	258	60	0	0
985	21	-40	0	0
985	33	-40	0	0
985	53	-40	1	0
985	135	20	0	0
985	164	-40	0	0
985	394	0	-1	0
986	459	0	1	0
987	55	-15	1	0
987	228	5	0	0
987	349	-15	1	0
987	350	5	0	0
988	380	-10	1	0
988	458	0	-1	0
989	225	-30	1	0
989	472	-30	1	0
990	56	1	0	0
990	60	1	0	0
990	79	1	0	0
990	112	1	0	0
990	143	-1	0	0
991	14	0	1	0
992	462	0	1	0
993	191	0	1	0
994	120	-30	1	0
994	341	10	0	0
995	463	0	0	0
996	463	0	1	0
997	120	10	0	0
997	341	-30	1	0
998	27	-30	1	0
998	342	-30	1	0
1000	243	-30	1	0
1001	464	0	1	0
1002	464	-20	1	0
1002	465	0	1	0
1003	465	0	-1	0
1005	35	0	1	0
1005	136	0	1	0
1005	166	0	-1	0
1005	185	0	-1	0
1005	200	0	-1	0
1005	238	0	-1	0
1005	366	0	-1	0
1005	367	0	-1	0
1005	394	0	-1	0
1005	457	0	-1	0
1006	463	0	-1	0
1006	468	0	-1	0
1008	471	0	-1	0
1009	2	-10	1	0
1010	366	0	1	0
1011	58	10	0	0
1011	261	-10	1	0
1012	367	0	1	0
1013	401	0	1	0
1013	424	0	1	0
1013	475	30	1	0
1013	476	30	1	0
1014	401	30	1	0
1015	394	0	1	0
1016	401	-30	1	0
1016	476	10	0	0
1018	482	0	-1	0
1020	181	-30	1	0
1021	480	0	-1	0
1023	49	-30	0	0
1023	67	-30	0	0
1023	188	10	0	0
1023	189	10	0	0
1024	21	-30	0	0
1024	53	-30	0	0
1024	135	10	0	0
1024	235	-30	0	0
1024	257	10	0	0
1026	119	-30	1	0
1026	121	-30	1	0
1026	193	10	-1	0
1026	418	10	-1	0
1027	135	10	0	0
1027	159	10	0	0
1027	267	-30	0	0
1027	347	-30	0	0
1028	60	-30	0	0
1028	143	10	0	0
1028	145	-30	1	0
1028	147	-30	1	0
1029	353	-600	0	0
1030	140	-30	0	0
1030	152	-30	0	0
1030	338	-30	0	0
1031	153	-30	1	0
1031	338	-30	1	0
1032	154	-30	0	0
1033	42	0	-1	0
1033	84	0	-1	0
1033	179	0	-1	0
1033	362	0	-1	0
1033	366	0	-1	0
1034	61	0	1	0
1034	73	0	-1	0
1034	252	0	-1	0
1034	271	0	1	0
1034	340	0	1	0
1034	366	0	-1	0
1034	462	0	-1	0
1036	48	10	0	0
1036	77	-30	1	0
1036	133	-30	1	0
1036	208	-30	1	0
1036	218	-30	1	0
1038	79	-30	1	0
1039	42	-30	1	0
1039	134	-20	1	0
1040	101	-30	0	0
1040	404	10	0	0
1040	425	10	0	0
1040	429	-30	0	0
1041	250	-30	0	0
1041	418	10	0	0
1042	43	-30	1	0
1043	391	-50	0	0
1044	391	-1	0	0
1045	391	-51	0	0
1046	288	-10	1	0
1047	410	-5	1	0
1048	398	1	0	0
1048	410	1	0	0
1048	432	-1	1	0
1048	435	1	0	0
1049	398	2	0	0
1049	410	2	0	0
1049	432	-2	1	0
1049	435	2	0	0
1050	485	0	1	0
1051	398	-1	1	0
1051	432	1	0	0
1052	487	0	1	0
1054	16	0	1	0
1055	192	-30	0	0
1056	288	0	1	0
1057	42	10	0	0
1057	179	-30	1	0
1057	188	-30	1	0
1057	189	-30	1	0
1058	366	0	-1	0
1059	489	0	1	0
1060	176	0	1	0
1061	33	-30	-1	0
1061	53	-30	1	0
1061	135	10	0	0
1061	164	-30	1	0
1061	217	10	0	0
1062	175	10	0	0
1063	463	0	-1	0
1065	231	-10	1	0
1066	144	-10	1	0
1066	231	2	0	0
1066	254	0	1	0
1066	270	0	1	0
1067	144	0	1	0
1067	231	2	0	0
1067	254	0	1	0
1067	270	-10	1	0
1068	144	0	1	0
1068	231	2	0	0
1068	254	-10	1	0
1068	270	0	1	0
1069	49	10	-1	0
1069	188	-30	1	0
1069	189	-30	1	0
1070	74	10	-1	0
1070	330	-30	1	0
1071	363	-10	1	0
1071	416	1	0	0
1072	363	1	-1	0
1072	416	-2	1	0
1073	49	-10	0	0
1073	67	-2	1	0
1073	188	5	-1	0
1073	189	1	-1	0
1073	278	0	-1	0
1073	337	0	-1	0
1073	345	0	-1	0
1073	366	0	-1	0
1073	367	0	-1	0
1073	463	0	-1	0
1074	366	0	-1	0
1074	367	0	-1	0
1074	394	0	-1	0
1075	59	-10	1	0
1076	42	100	0	0
1076	179	-200	1	0
1076	188	-200	1	0
1076	189	-200	1	0
1076	362	100	0	0
1077	192	100	0	0
1077	207	100	0	0
1077	273	-300	1	0
1077	353	100	0	0
1078	42	-200	1	0
1078	134	-200	1	0
1079	42	-150	1	0
1079	189	100	0	0
1079	362	-100	1	0
1080	16	-150	1	0
1081	3	10	0	0
1081	358	-30	1	0
1082	183	-10	0	0
1083	278	-30	1	0
1083	399	10	0	0
1084	22	10	0	0
1084	66	-30	1	0
1084	106	10	0	0
1084	292	-30	1	0
1085	22	10	0	0
1085	66	-30	1	0
1085	106	10	0	0
1085	292	-30	1	0
1087	447	-10	1	0
1088	99	-30	0	0
1088	178	-30	0	0
1088	304	-30	0	0
1089	447	0	1	0
1090	67	100	0	0
1090	179	-200	1	0
1090	188	-200	1	0
1090	189	-200	1	0
1090	362	100	0	0
1091	67	30	0	0
1091	179	-60	1	0
1091	189	-60	1	0
1091	362	30	0	0
1092	29	20	0	0
1092	33	20	0	0
1092	77	-20	1	0
1092	220	-20	1	0
1093	57	10	0	0
1093	169	-30	1	0
1093	215	-30	1	0
1093	219	-30	1	0
1093	314	-30	1	0
1093	394	0	-1	0
1094	41	0	-1	0
1094	63	0	-1	0
1094	128	0	-1	0
1094	185	0	-1	0
1094	187	0	-1	0
1094	367	0	-1	0
1094	394	0	-1	0
1094	457	0	-1	0
1095	355	0	-1	0
1095	366	0	-1	0
1095	367	0	-1	0
1096	57	1	0	0
1096	66	0	-1	0
1096	111	0	-1	0
1096	169	-1	1	0
1096	185	0	-1	0
1096	215	-1	1	0
1096	219	-1	1	0
1096	314	-5	1	0
1096	394	0	-1	0
1097	66	0	-1	0
1097	111	0	-1	0
1097	135	-1	1	0
1097	167	-5	1	0
1097	183	-1	1	0
1097	185	0	-1	0
1097	257	-1	1	0
1097	394	0	-1	0
1098	66	0	-1	0
1098	92	-5	1	0
1098	111	0	-1	0
1098	155	1	0	0
1098	174	-1	1	0
1098	185	0	-1	0
1098	212	-1	1	0
1098	394	0	-1	0
1099	66	0	-1	0
1099	111	0	-1	0
1099	143	1	0	0
1099	145	-1	1	0
1099	147	-5	1	0
1099	185	0	-1	0
1099	211	-1	1	0
1099	394	0	-1	0
1100	9	-1	1	0
1100	33	1	0	0
1100	53	1	0	0
1100	66	0	-1	0
1100	111	0	-1	0
1100	135	-5	1	0
1100	185	0	-1	0
1100	217	-1	1	0
1100	394	0	-1	0
1101	71	0	-1	0
1101	366	0	1	0
1102	291	10	0	0
1102	442	-30	1	0
1103	456	-30	0	0
1104	69	-30	1	0
1104	87	-30	1	0
1104	88	-30	1	0
1106	108	-30	1	0
1107	3	10	0	0
1107	55	-30	1	0
1107	239	-30	1	0
1107	293	10	0	0
1107	349	-30	1	0
1108	99	-30	1	0
1108	322	10	0	0
1109	23	0	-1	0
1109	281	0	-1	0
1109	353	-30	1	0
1109	366	0	-1	0
1109	367	0	-1	0
1109	463	0	-1	0
1111	8	-30	1	0
1111	43	-30	1	0
1111	178	-30	1	0
1114	285	-30	1	0
1114	286	-30	1	0
1114	287	-30	1	0
1114	289	-30	1	0
1114	354	10	0	0
1115	42	10	0	0
1115	179	-5	1	0
1115	188	-5	1	0
1115	189	-20	1	0
1116	42	10	0	0
1116	84	-30	0	0
1116	188	-30	0	0
1116	189	-30	0	0
1118	500	0	1	0
1119	152	-30	1	0
1119	153	-30	1	0
1119	154	-30	1	0
1119	338	-30	1	0
1120	55	10	0	0
1120	161	-30	1	0
1120	168	-30	1	0
1120	206	-30	1	0
1120	228	10	0	0
1121	354	-30	1	0
1122	16	0	1	0
1123	501	-30	1	0
1124	13	0	1	0
1124	315	0	1	0
1125	144	0	1	0
1125	231	2	1	0
1125	254	0	1	0
1125	270	0	1	0
1125	502	-10	-1	0
1126	130	0	-1	0
1126	505	0	-1	0
1127	130	0	-1	0
1127	504	0	-1	0
1128	130	0	-1	0
1128	504	0	-1	0
1128	505	0	1	0
1129	130	0	-1	0
1129	504	0	1	0
1129	505	0	-1	0
1130	130	0	1	0
1130	504	0	-1	0
1130	505	0	-1	0
1131	504	0	-1	0
1131	505	0	-1	0
1133	56	10	0	0
1133	143	10	0	0
1133	145	-15	1	0
1133	147	-15	1	0
1135	302	-3	1	0
1136	42	1	0	0
1136	49	1	0	0
1136	188	-3	1	0
1136	189	-1	1	0
1137	42	10	0	0
1137	179	-5	1	0
1137	188	-5	1	0
1137	189	-20	1	0
1138	67	15	0	0
1138	179	-30	1	0
1138	189	-30	1	0
1138	362	15	0	0
1139	42	1	0	0
1139	49	5	0	0
1139	188	-10	1	0
1139	189	-2	1	0
1140	42	25	0	0
1140	179	-12	1	0
1140	188	-12	1	0
1140	189	-50	1	0
1141	42	5	0	0
1141	49	25	0	0
1141	188	-50	1	0
1141	189	-12	1	0
1142	42	5	0	0
1142	179	-2	1	0
1142	188	-2	1	0
1142	189	-10	1	0
1143	42	3	0	0
1143	49	15	0	0
1143	188	-30	1	0
1143	189	-7	1	0
1144	42	15	0	0
1144	179	-7	1	0
1144	188	-7	1	0
1144	189	-30	1	0
1145	42	1	0	0
1145	49	1	0	0
1145	188	-1	1	0
1145	189	-1	1	0
1146	42	1	0	0
1146	179	-1	1	0
1146	188	-1	1	0
1146	189	-1	1	0
1147	42	50	0	0
1147	179	-25	1	0
1147	188	-25	1	0
1147	189	-100	1	0
1148	67	25	0	0
1148	179	-50	1	0
1148	189	-50	1	0
1148	362	25	0	0
1149	42	-8	1	0
1149	189	4	0	0
1149	362	-2	1	0
1150	42	-10	1	0
1150	189	5	0	0
1150	362	-2	1	0
1151	49	-1500	1	0
1151	67	-1500	1	0
1151	179	750	0	0
1152	49	-10	1	0
1152	67	-2	1	0
1152	188	5	0	0
1152	189	1	0	0
1153	49	-100	1	0
1153	67	-100	1	0
1153	179	50	0	0
1154	42	-1	1	0
1154	189	1	0	0
1154	362	-1	1	0
1155	42	-2	1	0
1155	189	1	0	0
1155	362	-1	1	0
1156	42	-3	1	0
1156	189	1	0	0
1156	362	-1	1	0
1157	49	-30	1	0
1157	67	-30	1	0
1157	179	15	0	0
1159	291	-3	1	0
1159	442	1	0	0
1160	83	-3	1	0
1161	506	-2	1	0
1162	106	-3	1	0
1163	106	-1	1	0
1165	92	1	0	0
1165	115	1	0	0
1165	274	-1	1	0
1165	314	1	0	0
1166	238	-2	1	0
1167	92	2	0	0
1167	155	-15	1	0
1167	260	30	0	0
1167	311	1	0	0
1168	165	-2	1	0
1169	111	-10	1	0
1172	92	-10	1	0
1172	155	1	0	0
1172	174	-1	1	0
1172	212	-1	1	0
1173	106	-2	1	0
1175	135	-1	1	0
1175	184	-1	1	0
1175	192	-10	1	0
1175	207	1	0	0
1175	273	1	0	0
1176	31	-1	1	0
1176	47	-5	1	0
1176	48	-5	1	0
1176	53	-1	1	0
1176	105	-1	1	0
1177	98	-50	1	0
1179	98	-30	1	0
1180	159	-1	1	0
1180	182	-5	1	0
1180	265	-1	1	0
1180	347	1	0	0
1181	159	-1	1	0
1181	182	-2	1	0
1181	265	-1	1	0
1181	347	1	0	0
1182	159	-7	1	0
1182	182	-50	1	0
1182	265	-7	1	0
1182	347	7	0	0
1183	98	-33	1	0
1184	98	-25	1	0
1185	98	-37	1	0
1186	159	-150	1	0
1186	182	-1000	1	0
1186	265	-150	1	0
1186	347	150	0	0
1187	98	-34	1	0
1188	98	-36	1	0
1189	31	-1	1	0
1189	53	-1	1	0
1189	105	-1	1	0
1189	149	-5	1	0
1189	214	-1	1	0
1190	31	-1	1	0
1190	53	-1	1	0
1190	105	-1	1	0
1190	149	-1	1	0
1190	214	-1	1	0
1191	31	-1	1	0
1191	53	-1	1	0
1191	105	-1	1	0
1191	149	-2	1	0
1191	214	-1	1	0
1192	507	-5	1	0
1193	31	-10	1	0
1193	48	-7	1	0
1193	149	-10	1	0
1193	214	-10	1	0
1193	273	2	0	0
1194	31	-5	1	0
1194	149	-5	1	0
1194	214	-5	1	0
1195	86	-115	1	0
1195	184	17	0	0
1195	235	-23	1	0
1196	31	-5	1	0
1196	48	-3	1	0
1196	149	-5	1	0
1196	214	-5	1	0
1196	273	1	0	0
1197	133	2	0	0
1197	180	2	0	0
1197	249	-20	1	0
1198	31	-2	1	0
1198	48	-1	1	0
1198	149	-2	1	0
1198	214	-2	1	0
1198	273	1	0	0
1199	31	-50	1	0
1199	48	-37	1	0
1199	149	-50	1	0
1199	214	-50	1	0
1199	273	12	0	0
1201	43	-7	1	0
1201	63	7	0	0
1201	99	-30	1	0
1201	178	-7	1	0
1201	304	-7	1	0
1202	135	-1	1	0
1202	184	-1	1	0
1202	192	-3	1	0
1202	207	1	0	0
1202	273	1	0	0
1203	133	1	0	0
1203	180	1	0	0
1203	249	-1	1	0
1204	31	-3	1	0
1204	53	-1	1	0
1204	105	-1	1	0
1204	149	-25	1	0
1204	214	-3	1	0
1205	47	-5	1	0
1205	48	-5	1	0
1205	184	-5	1	0
1205	217	-3	1	0
1206	31	-30	1	0
1206	53	-10	1	0
1206	105	-10	1	0
1206	149	-200	1	0
1206	214	-30	1	0
1207	31	-10	1	0
1207	149	-10	1	0
1207	214	-10	1	0
1208	11	-250	1	0
1208	105	37	0	0
1208	184	-62	1	0
1208	235	37	0	0
1209	31	-15	1	0
1209	53	-5	1	0
1209	105	-5	1	0
1209	149	-105	1	0
1209	214	-15	1	0
1211	33	3	0	0
1211	135	2	0	0
1211	149	1	0	0
1211	166	-25	1	0
1211	167	2	0	0
1212	31	-125	1	0
1212	48	-93	1	0
1212	149	-125	1	0
1212	214	-125	1	0
1212	273	31	0	0
1213	31	-2	1	0
1213	53	-1	1	0
1213	105	-1	1	0
1213	149	-15	1	0
1213	214	-2	1	0
1215	31	-5	1	0
1215	47	-50	1	0
1215	48	-50	1	0
1215	53	-2	1	0
1215	105	-7	1	0
1216	149	1	0	0
1216	166	1	0	0
1216	167	1	0	0
1216	224	-2	1	0
1217	252	-5	1	0
1217	271	2	0	0
1218	149	1	0	0
1218	166	1	0	0
1218	167	1	0	0
1218	224	-4	1	0
1219	31	-140	1	0
1219	48	-105	1	0
1219	149	-140	1	0
1219	214	-140	1	0
1219	273	35	0	0
1220	33	9	0	0
1220	135	6	0	0
1220	149	3	0	0
1220	166	-65	1	0
1220	167	6	0	0
1221	291	1	0	0
1221	442	-100	1	0
1222	31	-22	1	0
1222	53	-7	1	0
1222	105	-7	1	0
1222	149	-150	1	0
1222	214	-22	1	0
1223	31	-4	1	0
1223	53	-1	1	0
1223	105	-1	1	0
1223	149	-33	1	0
1223	214	-4	1	0
1224	47	-24	1	0
1224	48	-24	1	0
1224	184	-24	1	0
1224	217	-18	1	0
1225	31	-85	1	0
1225	48	-63	1	0
1225	149	-85	1	0
1225	214	-85	1	0
1225	273	21	0	0
1226	31	-110	1	0
1226	48	-82	1	0
1226	149	-110	1	0
1226	214	-110	1	0
1226	273	27	0	0
1227	149	1	0	0
1227	182	1	0	0
1227	299	-3	1	0
1228	21	-15	1	0
1228	33	-10	1	0
1228	53	-100	1	0
1228	135	15	0	0
1228	164	-15	1	0
1229	91	1	0	0
1229	170	1	0	0
1229	177	1	0	0
1229	268	-1	1	0
1229	322	-5	1	0
1230	33	6	0	0
1230	135	4	0	0
1230	149	2	0	0
1230	166	-45	1	0
1230	167	4	0	0
1232	31	-1	1	0
1232	47	-10	1	0
1232	48	-10	1	0
1232	53	-1	1	0
1232	105	-1	1	0
1233	31	-7	1	0
1233	53	-2	1	0
1233	105	-2	1	0
1233	149	-52	1	0
1233	214	-7	1	0
1234	143	25	0	0
1234	145	-25	1	0
1234	147	-25	1	0
1234	273	12	0	0
1234	421	12	0	0
1235	31	-185	1	0
1235	48	-138	1	0
1235	149	-185	1	0
1235	214	-185	1	0
1235	273	46	0	0
1236	31	-38	1	0
1236	53	-12	1	0
1236	105	-12	1	0
1236	149	-257	1	0
1236	214	-38	1	0
1238	149	1	0	0
1238	182	1	0	0
1238	299	-10	1	0
1240	99	-3	1	0
1240	178	-3	1	0
1240	304	-20	1	0
1241	53	3	0	0
1241	105	3	0	0
1241	135	-4	1	0
1241	184	-4	1	0
1241	311	-20	1	0
1242	43	-50	1	0
1242	63	50	0	0
1242	99	-200	1	0
1242	178	-50	1	0
1242	304	-50	1	0
1243	208	-2	1	0
1243	218	-3	1	0
1243	316	-20	1	0
1243	347	3	0	0
1244	41	1	0	0
1244	180	-9	1	0
1244	249	1	0	0
1245	135	-25	1	0
1245	167	-100	1	0
1245	183	-30	1	0
1245	257	-15	1	0
1246	33	1	0	0
1246	135	1	0	0
1246	149	1	0	0
1246	166	-3	1	0
1246	167	1	0	0
1248	135	-1	1	0
1248	167	-2	1	0
1248	183	-1	1	0
1248	257	-1	1	0
1250	135	-5	1	0
1250	159	-5	1	0
1250	265	-20	1	0
1250	279	3	0	0
1251	33	1	0	0
1251	135	1	0	0
1251	149	1	0	0
1251	166	-10	1	0
1251	167	1	0	0
1253	135	-12	1	0
1253	167	-50	1	0
1253	183	-15	1	0
1253	257	-7	1	0
1254	149	10	0	0
1254	166	5	0	0
1254	167	10	0	0
1254	224	-105	1	0
1256	41	1	0	0
1256	180	-2	1	0
1256	249	1	0	0
1257	41	1	0	0
1257	180	-1	1	0
1257	249	1	0	0
1259	41	5	0	0
1259	180	-50	1	0
1259	249	5	0	0
1260	133	15	0	0
1260	180	15	0	0
1260	249	-150	1	0
1261	41	-1	1	0
1261	249	-1	1	0
1261	310	-10	1	0
1262	133	1	0	0
1262	180	1	0	0
1262	249	-10	1	0
1263	41	-5	1	0
1263	133	1	0	0
1263	180	1	0	0
1263	314	1	0	0
1263	316	1	0	0
1264	41	-1	1	0
1264	133	1	0	0
1264	180	1	0	0
1264	314	1	0	0
1264	316	1	0	0
1266	41	-20	1	0
1266	249	-20	1	0
1266	310	-200	1	0
1267	133	25	0	0
1267	180	25	0	0
1267	249	-250	1	0
1268	133	3	0	0
1268	180	3	0	0
1268	249	-30	1	0
1269	133	1	0	0
1269	180	1	0	0
1269	249	-15	1	0
1270	133	1	0	0
1270	180	1	0	0
1270	249	-12	1	0
1271	133	1	0	0
1271	180	1	0	0
1271	249	-2	1	0
1272	133	5	0	0
1272	180	5	0	0
1272	249	-50	1	0
1273	94	-9	1	0
1274	133	1	0	0
1274	180	1	0	0
1274	249	-5	1	0
1275	41	-3	1	0
1275	133	1	0	0
1275	180	1	0	0
1275	314	1	0	0
1275	316	1	0	0
1276	12	1	0	0
1276	51	1	0	0
1276	133	1	0	0
1276	184	1	0	0
1276	405	-2	1	0
1277	48	1	0	0
1277	77	-1	1	0
1277	133	-1	1	0
1277	208	-1	1	0
1277	218	-5	1	0
1278	133	1	0	0
1278	313	-2	1	0
1279	133	1	0	0
1279	313	-1	1	0
1280	48	1	0	0
1280	77	-1	1	0
1280	133	-2	1	0
1280	208	-2	1	0
1280	218	-15	1	0
1281	88	1	0	0
1281	133	-10	1	0
1281	208	-1	1	0
1281	218	-1	1	0
1281	316	-1	1	0
1282	41	-50	1	0
1282	133	5	0	0
1282	180	5	0	0
1282	314	2	0	0
1282	316	2	0	0
1283	48	7	0	0
1283	77	-7	1	0
1283	133	-22	1	0
1283	208	-22	1	0
1283	218	-150	1	0
1284	31	-5	1	0
1284	33	-5	1	0
1284	48	-5	1	0
1284	77	-100	1	0
1284	218	5	0	0
1285	48	1	0	0
1285	77	-1	1	0
1285	133	-1	1	0
1285	208	-1	1	0
1285	218	-2	1	0
1286	12	1	0	0
1286	51	1	0	0
1286	133	1	0	0
1286	184	1	0	0
1286	405	-1	1	0
1288	40	-3	1	0
1288	143	1	0	0
1288	147	1	0	0
1289	40	-5	1	0
1289	143	1	0	0
1289	147	1	0	0
1290	40	-10	1	0
1290	143	1	0	0
1290	147	1	0	0
1291	366	0	-1	0
1292	40	-5	-1	0
1292	143	1	0	0
1292	147	1	0	0
1293	40	-20	-1	0
1293	143	2	0	0
1293	147	2	0	0
1294	40	-30	-1	0
1294	143	3	0	0
1294	147	3	0	0
1295	40	-50	-1	0
1295	143	5	0	0
1295	147	5	0	0
1296	363	25	0	0
1296	416	-50	1	0
1297	508	-1	0	0
1298	366	0	1	0
1298	398	0	1	0
1298	409	-1	1	0
1298	432	0	1	0
1299	366	0	1	0
1299	398	-1	1	0
1299	409	0	1	0
1299	432	1	0	0
1300	432	1	0	0
1300	435	-1	1	0
1301	398	1	0	0
1301	410	1	0	0
1301	432	-1	1	0
1301	435	1	0	0
1302	398	0	0	0
1302	409	-1	1	0
1303	398	-1	1	0
1303	409	0	0	0
1303	432	1	0	0
1304	398	1	0	0
1304	410	1	0	0
1304	432	-1	1	0
1304	435	1	0	0
1305	409	-1	1	0
1306	398	-1	1	0
1306	432	1	0	0
1307	410	1	0	0
1307	432	-1	1	0
1307	435	1	0	0
1308	144	0	1	0
1308	194	0	1	0
1308	231	2	0	0
1308	254	-10	1	0
1308	270	0	1	0
1309	366	0	1	0
1309	376	0	1	0
1310	366	0	1	0
1310	511	0	1	0
1312	204	-1	1	0
1313	52	-1000	1	0
1313	142	500	0	0
1313	284	100	0	0
1314	55	80	0	0
1314	142	80	0	0
1314	228	-800	1	0
1314	298	200	0	0
1314	350	80	0	0
1315	55	10	0	0
1315	96	10	0	0
1315	138	10	0	0
1315	139	50	0	0
1315	168	-10	1	0
1315	206	-10	1	0
1315	228	10	0	0
1315	284	10	0	0
1315	350	-100	1	0
1316	226	-25	0	0
1316	355	-500	0	0
