1	88	0	-171	201	-124	395	0	0	IT128_ACTORDEF	30	892	0	0	0	0	0	0	0	0	0	0	100	0	0	\N
2	113	0	2497	-557	-327	58	17330	0	IT64_ACTORDEF	30	539	0	0	0	0	0	0	0	0	0	0	100	0	0	\N
3	6	0	-223	60	26	383	17911	0	IT70_ACTORDEF	19	1116	0	0	0	0	0	0	0	0	0	0	100	0	0	\N
4	6	0	-236	28	30	261	17907	0	IT69_ACTORDEF	15	1114	0	0	0	0	0	0	0	0	0	0	100	0	0	\N
5	106	0	-316	220	3	147	0	0	IT66_ACTORDEF	17	1115	0	0	0	0	0	0	0	0	0	0	100	0	0	\N
6	106	0	-16	686	2	256	0	0	IT70_ACTORDEF	19	1116	0	0	0	0	0	0	0	0	0	0	100	0	0	\N
7	106	0	-85	50	0	250	0	0	IT128_ACTORDEF	16	892	0	0	0	0	0	0	0	0	0	0	100	0	0	\N
8	106	0	-219	261	0	260	0	0	IT73_ACTORDEF	22	1113	0	0	0	0	0	0	0	0	0	0	100	0	0	\N
9	106	0	-196	230	0	485	0	0	IT74_ACTORDEF	21	1112	0	0	0	0	0	0	0	0	0	0	100	0	0	\N
10	106	0	-65	907	0	396	17911	0	IT70_ACTORDEF	19	1116	0	0	0	0	0	0	0	0	0	0	100	0	0	\N
11	106	0	148	522	6	254	0	0	IT69_ACTORDEF	15	1114	0	0	0	0	0	0	0	0	0	0	100	0	0	\N
12	106	0	-34	-379	0	387	0	0	IT66_ACTORDEF	17	1115	0	0	0	0	0	0	0	0	0	0	100	0	0	\N
13	106	0	-24	-531	59	252	0	0	IT66_ACTORDEF	38	1115	0	0	0	0	0	0	0	0	0	0	100	0	0	\N
14	49	0	680	281	0	372	17913	0	IT74_ACTORDEF	21	1112	0	0	0	0	0	0	0	0	0	0	100	0	0	\N
15	49	0	684	296	0	465	0	0	IT73_ACTORDEF	22	1113	0	0	0	0	0	0	0	0	0	0	100	0	0	\N
16	49	0	-252	263	0	508	17911	0	IT70_ACTORDEF	19	1116	0	0	0	0	0	0	0	0	0	0	100	0	0	\N
17	49	0	-202	272	0	332	0	0	IT66_ACTORDEF	17	1115	0	0	0	0	0	0	0	0	0	0	100	0	0	\N
18	49	0	-196	509	0	383	0	0	IT69_ACTORDEF	15	1114	0	0	0	0	0	0	0	0	0	0	100	0	0	\N
19	49	0	934	141	40	499	0	0	IT66_ACTORDEF	33	1115	0	0	0	0	0	0	0	0	0	0	100	0	0	\N
20	49	0	700	694	3	366	0	0	IT128_ACTORDEF	16	892	0	0	0	0	0	0	0	0	0	0	100	0	0	\N
21	165	0	960	-2691	-437	412	17911	0	IT70_ACTORDEF	19	1116	0	0	0	0	0	0	0	0	0	0	100	0	0	\N
22	165	0	1043	-2601	-438	466	17909	0	IT66_ACTORDEF	17	1115	0	0	0	0	0	0	0	0	0	0	100	0	0	\N
23	2	0	312	68	0	384	0	0	IT70_ACTORDEF	19	1116	0	0	0	0	0	0	0	0	0	0	100	0	0	\N
24	2	0	62	73	0	109	0	0	IT66_ACTORDEF	17	1115	0	0	0	0	0	0	0	0	0	0	100	0	0	\N
25	61	0	-370	-94	-1	255	0	0	IT73_ACTORDEF	22	1113	0	0	0	0	0	0	0	0	0	0	100	0	0	\N
26	61	0	-373	-75	-1	267	0	0	IT74_ACTORDEF	21	1112	0	0	0	0	0	0	0	0	0	0	100	0	0	\N
27	61	0	-487	-92	0	206	17909	0	IT66_ACTORDEF	17	1115	0	0	0	0	0	0	0	0	0	0	100	0	0	\N
28	61	0	-598	240	-13	128	0	0	IT69_ACTORDEF	15	1114	0	0	0	0	0	0	0	0	0	0	100	0	0	\N
29	61	0	-374	70	-13	380	0	0	IT70_ACTORDEF	19	1116	0	0	0	0	0	0	0	0	0	0	100	0	0	\N
30	61	0	-407	-107	3	126	0	0	IT66_ACTORDEF	31	1115	0	0	0	0	0	0	0	0	0	0	100	0	0	\N
31	62	0	-789	446	-5	13	0	0	IT128_ACTORDEF	16	892	0	0	0	0	0	0	0	0	0	0	100	0	0	\N
32	29	0	-300	301	0	4	0	0	IT69_ACTORDEF	15	1114	0	0	0	0	0	0	0	0	0	0	100	0	0	\N
33	29	0	424	177	0	381	0	0	IT73_ACTORDEF	22	1113	0	0	0	0	0	0	0	0	0	0	100	0	0	\N
34	29	0	383	193	0	510	0	0	IT74_ACTORDEF	21	1112	0	0	0	0	0	0	0	0	0	0	100	0	0	\N
35	29	0	-137	220	0	129	0	0	IT70_ACTORDEF	19	1116	0	0	0	0	0	0	0	0	0	0	100	0	0	\N
36	29	0	-264	124	0	388	0	0	IT70_ACTORDEF	19	1116	0	0	0	0	0	0	0	0	0	0	100	0	0	\N
37	29	0	-291	235	0	130	0	0	IT66_ACTORDEF	17	1115	0	0	0	0	0	0	0	0	0	0	100	0	0	\N
38	29	0	-256	179	0	258	0	0	IT66_ACTORDEF	17	1115	0	0	0	0	0	0	0	0	0	0	100	0	0	\N
39	29	0	1454	147	-126	122	17915	0	IT128_ACTORDEF	16	892	0	0	0	0	0	0	0	0	0	0	100	0	0	\N
40	29	0	-319	230	3	106	0	0	IT66_ACTORDEF	36	1115	0	0	0	0	0	0	0	0	0	0	100	0	0	\N
41	29	0	-155	380	3	131	0	0	IT128_ACTORDEF	16	892	0	0	0	0	0	0	0	0	0	0	100	0	0	\N
42	9	0	-663	-216	-27	120	0	0	IT73_ACTORDEF	22	1113	0	0	0	0	0	0	0	0	0	0	100	0	0	\N
43	9	0	-345	-241	-27	505	0	0	IT73_ACTORDEF	22	1113	0	0	0	0	0	0	0	0	0	0	100	0	0	\N
44	9	0	-339	-227	-26	126	0	0	IT74_ACTORDEF	21	1112	0	0	0	0	0	0	0	0	0	0	100	0	0	\N
45	9	0	-668	-226	-27	442	0	0	IT74_ACTORDEF	21	1112	0	0	0	0	0	0	0	0	0	0	100	0	0	\N
46	9	0	-482	-164	-27	380	0	0	IT70_ACTORDEF	19	1116	0	0	0	0	0	0	0	0	0	0	100	0	0	\N
47	9	0	-1013	-50	-27	256	0	0	IT69_ACTORDEF	15	1114	0	0	0	0	0	0	0	0	0	0	100	0	0	\N
48	9	0	-88	-102	-13	383	0	0	IT66_ACTORDEF	17	1115	0	0	0	0	0	0	0	0	0	0	100	0	0	\N
49	9	0	11	-227	-27	390	0	0	IT66_ACTORDEF	17	1115	0	0	0	0	0	0	0	0	0	0	100	0	0	\N
50	9	0	42	-355	-10	60	0	0	IT66_ACTORDEF	39	1115	0	0	0	0	0	0	0	0	0	0	100	0	0	\N
51	117	0	-1501	265	77	459	0	0	IT70_ACTORDEF	19	1116	0	0	0	0	0	0	0	0	0	0	100	0	0	\N
52	117	0	-1523	151	77	292	0	0	IT69_ACTORDEF	15	1114	0	0	0	0	0	0	0	0	0	0	100	0	0	\N
53	19	0	-363	-80	-11	384	0	0	IT66_ACTORDEF	17	1115	0	0	0	0	0	0	0	0	0	0	100	0	0	\N
54	19	0	-78	-155	-11	207	0	0	IT74_ACTORDEF	21	1112	0	0	0	0	0	0	0	0	0	0	100	0	0	\N
55	19	0	-472	386	0	33	0	0	IT74_ACTORDEF	21	1112	0	0	0	0	0	0	0	0	0	0	100	0	0	\N
56	19	0	-468	396	0	412	0	0	IT73_ACTORDEF	22	1113	0	0	0	0	0	0	0	0	0	0	100	0	0	\N
57	19	0	-421	-71	-11	8	0	0	IT69_ACTORDEF	15	1114	0	0	0	0	0	0	0	0	0	0	100	0	0	\N
58	19	0	-158	-186	-11	456	0	0	IT69_ACTORDEF	15	1114	0	0	0	0	0	0	0	0	0	0	100	0	0	\N
59	19	0	-253	-29	0	420	0	0	IT70_ACTORDEF	19	1116	0	0	0	0	0	0	0	0	0	0	100	0	0	\N
60	19	0	-159	-65	12	132	0	0	IT70_ACTORDEF	19	1116	0	0	0	0	0	0	0	0	0	0	100	0	0	\N
61	19	0	-183	180	-1	301	0	0	IT66_ACTORDEF	49	1115	0	0	0	0	0	0	0	0	0	0	100	0	0	\N
62	19	0	-240	-1	3	412	0	0	IT128_ACTORDEF	16	892	0	0	0	0	0	0	0	0	0	0	100	0	0	\N
63	162	0	-290	-540	-256	0	0	0	IT66_ACTORDEF	17	1115	0	0	0	0	0	0	0	0	0	0	100	0	0	\N
64	37	0	148	-517	-43	333	17011	0	Oasi1	7	837	0	0	0	0	0	0	0	0	0	0	100	0	0	\N
73	84	0	2030	-3636	-100	452	17915	0	IT128_ACTORDEF	16	892	0	0	0	0	0	0	0	0	0	0	100	0	0	\N
74	84	0	2685	-2877	-76	127	0	0	IT66_ACTORDEF	17	1115	0	0	0	0	0	0	0	0	0	0	100	0	0	\N
75	84	0	2686	-2863	-76	163	0	0	IT69_ACTORDEF	15	1114	0	0	0	0	0	0	0	0	0	0	100	0	0	\N
76	84	0	2985	-2941	-76	4	17911	0	IT70_ACTORDEF	19	1116	0	0	0	0	0	0	0	0	0	0	100	0	0	\N
77	40	0	-172	226	14	69	0	0	IT70_ACTORDEF	19	1116	0	0	0	0	0	0	0	0	0	0	100	0	0	\N
78	40	0	-80	208	0	0	0	0	IT73_ACTORDEF	22	1113	0	0	0	0	0	0	0	0	0	0	100	0	0	\N
79	40	0	-66	200	0	380	0	0	IT74_ACTORDEF	21	1112	0	0	0	0	0	0	0	0	0	0	100	0	0	\N
80	40	0	-160	-363	0	213	17907	0	IT69_ACTORDEF	15	1114	0	0	0	0	0	0	0	0	0	0	100	0	0	\N
81	40	0	-276	144	0	385	0	0	IT69_ACTORDEF	15	1114	0	0	0	0	0	0	0	0	0	0	100	0	0	\N
82	40	0	-404	-272	14	379	17909	0	IT66_ACTORDEF	17	1115	0	0	0	0	0	0	0	0	0	0	100	0	0	\N
83	40	0	-393	-293	0	242	0	0	IT66_ACTORDEF	17	1115	0	0	0	0	0	0	0	0	0	0	100	0	0	\N
84	40	0	-190	132	3	381	0	0	IT128_ACTORDEF	16	892	0	0	0	0	0	0	0	0	0	0	100	0	0	\N
85	41	0	-864	64	-55	257	0	0	IT69_ACTORDEF	15	1114	0	0	0	0	0	0	0	0	0	0	100	0	0	\N
86	41	0	-879	18	-41	50	0	0	IT66_ACTORDEF	17	1115	0	0	0	0	0	0	0	0	0	0	100	0	0	\N
87	41	0	-826	23	-69	511	0	0	IT70_ACTORDEF	19	1116	0	0	0	0	0	0	0	0	0	0	100	0	0	\N
88	160	0	-867	-304	-259	135	17911	0	IT70_ACTORDEF	19	1116	0	0	0	0	0	0	0	0	0	0	100	0	0	\N
89	160	0	-246	658	10	512	0	0	IT128_ACTORDEF	16	892	0	0	0	0	0	0	0	0	0	0	100	0	0	\N
90	160	0	-1547	-42	10	262	17909	0	IT66_ACTORDEF	17	1115	0	0	0	0	0	0	0	0	0	0	100	0	0	\N
91	160	0	-1545	18	10	258	17909	0	IT66_ACTORDEF	17	1115	0	0	0	0	0	0	0	0	0	0	100	0	0	\N
92	160	0	-672	-307	10	251	0	0	IT74_ACTORDEF	21	1112	0	0	0	0	0	0	0	0	0	0	100	0	0	\N
93	160	0	-686	-334	10	384	0	0	IT73_ACTORDEF	22	1113	0	0	0	0	0	0	0	0	0	0	100	0	0	\N
94	160	0	-1314	295	10	8	17907	0	IT69_ACTORDEF	15	1114	0	0	0	0	0	0	0	0	0	0	100	0	0	\N
95	55	0	-142	724	-55	256	0	0	IT74_ACTORDEF	21	1112	0	0	0	0	0	0	0	0	0	0	100	0	0	\N
96	55	0	-148	722	-55	260	17914	0	IT73_ACTORDEF	22	1113	0	0	0	0	0	0	0	0	0	0	100	0	0	\N
97	55	0	-913	1245	-31	128	0	0	IT70_ACTORDEF	19	1116	0	0	0	0	0	0	0	0	0	0	100	0	0	\N
98	55	0	-117	721	-31	256	17907	0	IT69_ACTORDEF	15	1114	0	0	0	0	0	0	0	0	0	0	100	0	0	\N
99	55	0	-706	1248	-27	128	0	0	IT66_ACTORDEF	17	1115	0	0	0	0	0	0	0	0	0	0	100	0	0	\N
100	55	0	-730	1226	-24	508	0	0	IT66_ACTORDEF	35	1115	0	0	0	0	0	0	0	0	0	0	100	0	0	\N
101	55	0	156	777	-25	-1	0	0	IT128_ACTORDEF	16	892	0	0	0	0	0	0	0	0	0	0	100	0	0	\N
102	42	0	-1413	899	-83	244	17911	0	IT70_ACTORDEF	19	1116	0	0	0	0	0	0	0	0	0	0	100	0	0	\N
103	42	0	-1474	741	-83	190	17907	0	IT69_ACTORDEF	15	1114	0	0	0	0	0	0	0	0	0	0	100	0	0	\N
104	42	0	-1574	835	-80	256	0	0	IT66_ACTORDEF	32	1115	0	0	0	0	0	0	0	0	0	0	100	0	0	\N
105	159	0	331	805	56	128	17911	0	IT70_ACTORDEF	19	1116	0	0	0	0	0	0	0	0	0	0	100	0	0	\N
106	159	0	-1470	-664	56	0	17911	0	IT70_ACTORDEF	19	1116	0	0	0	0	0	0	0	0	0	0	100	0	0	\N
107	159	0	-797	810	56	383	17911	0	IT70_ACTORDEF	19	1116	0	0	0	0	0	0	0	0	0	0	100	0	0	\N
108	159	0	1000	-664	56	0	17911	0	IT70_ACTORDEF	19	1116	0	0	0	0	0	0	0	0	0	0	100	0	0	\N
109	159	0	-918	-682	56	128	17914	0	IT73_ACTORDEF	22	1113	0	0	0	0	0	0	0	0	0	0	100	0	0	\N
110	159	0	-988	-666	56	383	17913	0	IT74_ACTORDEF	21	1112	0	0	0	0	0	0	0	0	0	0	100	0	0	\N
111	159	0	-938	-181	56	256	17915	0	IT128_ACTORDEF	16	892	0	0	0	0	0	0	0	0	0	0	100	0	0	\N
112	159	0	544	-986	56	0	17909	0	IT66_ACTORDEF	17	1115	0	0	0	0	0	0	0	0	0	0	100	0	0	\N
113	159	0	545	136	56	0	17909	0	IT66_ACTORDEF	17	1115	0	0	0	0	0	0	0	0	0	0	100	0	0	\N
114	159	0	129	304	56	383	17907	0	IT69_ACTORDEF	15	1114	0	0	0	0	0	0	0	0	0	0	100	0	0	\N
115	60	0	-234	239	0	251	0	0	IT69_ACTORDEF	15	1114	0	0	0	0	0	0	0	0	0	0	100	0	0	\N
116	60	0	-201	167	0	269	0	0	IT73_ACTORDEF	22	1113	0	0	0	0	0	0	0	0	0	0	100	0	0	\N
117	60	0	-209	168	0	361	0	0	IT74_ACTORDEF	21	1112	0	0	0	0	0	0	0	0	0	0	100	0	0	\N
118	60	0	395	117	0	379	0	0	IT66_ACTORDEF	17	1115	0	0	0	0	0	0	0	0	0	0	100	0	0	\N
119	60	0	248	104	0	128	0	0	IT70_ACTORDEF	19	1116	0	0	0	0	0	0	0	0	0	0	100	0	0	\N
120	60	0	387	117	3	385	0	0	IT66_ACTORDEF	34	1115	0	0	0	0	0	0	0	0	0	0	100	0	0	\N
121	60	0	181	30	3	394	0	0	IT128_ACTORDEF	16	892	0	0	0	0	0	0	0	0	0	0	100	0	0	\N
122	10	0	-206	-108	-83	5	17914	0	IT73_ACTORDEF	22	1113	0	0	0	0	0	0	0	0	0	0	100	0	0	\N
123	10	0	-220	-124	-83	104	17913	0	IT74_ACTORDEF	21	1112	0	0	0	0	0	0	0	0	0	0	100	0	0	\N
124	10	0	-176	-151	-83	80	17909	0	IT66_ACTORDEF	17	1115	0	0	0	0	0	0	0	0	0	0	100	0	0	\N
125	10	0	-188	-298	-83	128	17907	0	IT69_ACTORDEF	15	1114	0	0	0	0	0	0	0	0	0	0	100	0	0	\N
126	10	0	-751	69	-55	384	0	0	IT69_ACTORDEF	15	1114	0	0	0	0	0	0	0	0	0	0	100	0	0	\N
127	10	0	-719	13	-55	133	17911	0	IT70_ACTORDEF	19	1116	0	0	0	0	0	0	0	0	0	0	100	0	0	\N
128	10	0	-853	-208	-55	134	17911	0	IT70_ACTORDEF	19	1116	0	0	0	0	0	0	0	0	0	0	100	0	0	\N
129	10	0	-161	25	-55	374	0	0	IT66_ACTORDEF	17	1115	0	0	0	0	0	0	0	0	0	0	100	0	0	\N
130	10	0	-331	142	-55	391	0	0	IT70_ACTORDEF	19	1116	0	0	0	0	0	0	0	0	0	0	100	0	0	\N
131	10	0	-242	100	-55	128	0	0	IT69_ACTORDEF	15	1114	0	0	0	0	0	0	0	0	0	0	100	0	0	\N
132	10	0	-450	64	-39	250	0	0	IT128_ACTORDEF	16	892	0	0	0	0	0	0	0	0	0	0	100	0	0	\N
146	67	0	-150	410	0	124	0	0	IT66_ACTORDEF	17	1115	0	0	0	0	0	0	0	0	0	0	100	0	0	\N
147	67	0	317	512	-35	150	0	0	IT73_ACTORDEF	22	1113	0	0	0	0	0	0	0	0	0	0	100	0	0	\N
148	67	0	313	534	-35	93	0	0	IT74_ACTORDEF	21	1112	0	0	0	0	0	0	0	0	0	0	100	0	0	\N
149	67	0	-159	668	0	127	0	0	IT70_ACTORDEF	19	1116	0	0	0	0	0	0	0	0	0	0	100	0	0	\N
150	67	0	-201	658	0	457	0	0	IT69_ACTORDEF	15	1114	0	0	0	0	0	0	0	0	0	0	100	0	0	\N
151	150	0	249	-461	-22	384	17907	0	IT69_ACTORDEF	15	1114	56488	2064	0	2144517461	637403136	1	0	53095	0	2147483647	100	0	0	\N
152	150	0	1413	265	-55	128	17915	0	IT128_ACTORDEF	16	892	56272	2064	0	2144517460	0	0	675545088	53094	0	2147483647	100	0	0	\N
153	150	0	60	124	-25	69	17915	0	IT128_ACTORDEF	16	892	56056	2064	0	2144517459	1756626944	0	0	53093	0	2147483647	100	0	0	\N
154	150	0	1088	269	-55	0	0	0	IT69_ACTORDEF	15	1114	55840	2064	0	2144517458	0	0	231931904	53092	0	2147483647	100	0	0	\N
155	150	0	1626	-349	-57	256	17907	0	IT69_ACTORDEF	15	1114	55624	2064	0	2144517457	270073856	0	0	53091	0	2147483647	100	0	0	\N
156	150	0	1409	-387	-51	0	0	0	IT73_ACTORDEF	22	1113	55408	2064	0	2144517456	1080688640	0	0	53090	0	2147483647	100	0	0	\N
157	150	0	1367	-401	-51	196	0	0	IT74_ACTORDEF	21	1112	55192	2064	0	2144517455	0	0	2094202880	53089	0	2147483647	100	0	0	\N
158	150	0	1424	416	-54	384	17911	0	IT70_ACTORDEF	19	1116	63672	2063	0	2144517454	0	0	2025914368	53088	0	2147483647	100	0	0	\N
159	150	0	398	74	5	256	17911	0	IT70_ACTORDEF	19	1116	63456	2063	0	2144517453	1717436416	1	0	53087	0	2147483647	100	0	0	\N
160	150	0	308	-17	5	256	17911	0	IT70_ACTORDEF	19	1116	63240	2063	0	2144517452	2147483647	2147483647	2147483647	53086	0	2147483647	100	0	0	\N
161	150	0	145	123	-27	128	17909	0	IT66_ACTORDEF	17	1115	42936	2061	0	2144517451	131529488	131529704	131529840	53085	0	2147483647	100	0	0	\N
162	150	0	1461	-332	-32	384	17909	0	IT66_ACTORDEF	17	1115	42824	2061	0	2144517450	131529488	131529704	131529840	53084	0	2147483647	100	0	0	\N
163	150	0	1312	28	-54	0	17909	0	IT66_ACTORDEF	17	1115	7696	2060	0	2144517449	0	0	0	53083	0	2147483647	100	0	0	\N
177	75	0	812	977	-79	256	0	0	IT73_ACTORDEF	22	1113	0	0	0	0	0	0	0	0	0	0	100	0	0	\N
178	75	0	788	948	-80	128	17911	0	IT70_ACTORDEF	19	1116	0	0	0	0	0	0	0	0	0	0	100	0	0	\N
179	75	0	415	930	-120	256	0	0	IT66_ACTORDEF	17	1115	0	0	0	0	0	0	0	0	0	0	100	0	0	\N
180	75	0	426	923	-120	131	0	0	IT66_ACTORDEF	50	1115	0	0	0	0	0	0	0	0	0	0	100	0	0	\N
181	75	0	699	970	-67	7	0	0	IT128_ACTORDEF	16	892	0	0	0	0	0	0	0	0	0	0	100	0	0	\N
182	90	0	-637	-132	76	135	0	0	IT70_ACTORDEF	19	1116	0	0	0	0	0	0	0	0	0	0	100	0	0	\N
183	93	0	2370	2847	-49	79	0	0	IT128_ACTORDEF	16	892	0	0	0	0	0	0	0	0	0	0	100	0	0	\N
184	93	0	2383	2866	-49	137	17914	0	IT73_ACTORDEF	22	1113	0	0	0	0	0	0	0	0	0	0	100	0	0	\N
185	93	0	2400	2861	-49	390	17913	0	IT74_ACTORDEF	21	1112	0	0	0	0	0	0	0	0	0	0	100	0	0	\N
186	93	0	2385	2690	-49	395	17911	0	IT70_ACTORDEF	19	1116	0	0	0	0	0	0	0	0	0	0	100	0	0	\N
187	93	0	2358	2694	-49	140	17907	0	IT69_ACTORDEF	15	1114	0	0	0	0	0	0	0	0	0	0	100	0	0	\N
188	93	0	3252	2504	-137	425	17909	0	IT66_ACTORDEF	17	1115	0	0	0	0	0	0	0	0	0	0	100	0	0	\N
201	1	0	-296	179	0	369	0	0	IT66_ACTORDEF	17	1115	0	0	0	0	0	0	0	0	0	0	100	0	0	\N
202	1	0	-307	537	0	363	17914	0	IT73_ACTORDEF	22	1113	0	0	0	0	0	0	0	0	0	0	100	0	0	\N
203	1	0	-291	551	0	127	0	0	IT74_ACTORDEF	21	1112	0	0	0	0	0	0	0	0	0	0	100	0	0	\N
204	1	0	-155	273	0	127	0	0	IT70_ACTORDEF	19	1116	0	0	0	0	0	0	0	0	0	0	100	0	0	\N
205	1	0	-303	-262	0	383	0	0	IT70_ACTORDEF	19	1116	0	0	0	0	0	0	0	0	0	0	100	0	0	\N
206	1	0	-285	-149	0	383	0	0	IT69_ACTORDEF	15	1114	0	0	0	0	0	0	0	0	0	0	100	0	0	\N
207	1	0	-30	482	0	492	0	0	IT66_ACTORDEF	17	1115	0	0	0	0	0	0	0	0	0	0	100	0	0	\N
208	1	0	-369	374	3	185	0	0	IT66_ACTORDEF	40	1115	0	0	0	0	0	0	0	0	0	0	100	0	0	\N
209	1	0	-45	136	3	252	0	0	IT128_ACTORDEF	16	892	0	0	0	0	0	0	0	0	0	0	100	0	0	\N
210	81	0	1961	742	-265	42	0	0	IT69_ACTORDEF	30	1114	0	0	0	0	0	0	0	0	0	0	100	0	0	\N
211	81	0	1113	-198	-251	358	17033	0	IT74_ACTORDEF	30	1112	0	0	0	0	0	0	0	0	0	0	100	0	0	\N
212	155	0	-183	-189	-187	256	17911	0	IT70_ACTORDEF	19	1116	0	0	0	0	0	0	0	0	0	0	100	0	0	\N
213	155	0	-219	-189	-187	256	17911	0	IT70_ACTORDEF	19	1116	0	0	0	0	0	0	0	0	0	0	100	0	0	\N
214	155	0	-464	212	-187	511	0	0	IT74_ACTORDEF	21	1112	0	0	0	0	0	0	0	0	0	0	100	0	0	\N
215	155	0	-481	212	-187	511	0	0	IT74_ACTORDEF	21	1112	0	0	0	0	0	0	0	0	0	0	100	0	0	\N
216	155	0	-497	212	-187	511	0	0	IT74_ACTORDEF	21	1112	0	0	0	0	0	0	0	0	0	0	100	0	0	\N
217	155	0	-434	235	-187	131	0	0	IT73_ACTORDEF	22	1113	0	0	0	0	0	0	0	0	0	0	100	0	0	\N
218	155	0	-434	247	-187	131	0	0	IT73_ACTORDEF	22	1113	0	0	0	0	0	0	0	0	0	0	100	0	0	\N
219	155	0	412	405	-189	8	0	0	IT66_ACTORDEF	17	1115	0	0	0	0	0	0	0	0	0	0	100	0	0	\N
220	155	0	399	405	-189	8	0	0	IT66_ACTORDEF	17	1115	0	0	0	0	0	0	0	0	0	0	100	0	0	\N
221	155	0	25	375	-188	257	17907	0	IT69_ACTORDEF	15	1114	0	0	0	0	0	0	0	0	0	0	100	0	0	\N
222	155	0	37	375	-188	257	0	0	IT69_ACTORDEF	15	1114	0	0	0	0	0	0	0	0	0	0	100	0	0	\N
223	155	0	-40	-411	-186	258	17907	0	IT69_ACTORDEF	15	1114	0	0	0	0	0	0	0	0	0	0	100	0	0	\N
224	155	0	-375	288	-165	380	0	0	IT128_ACTORDEF	16	892	0	0	0	0	0	0	0	0	0	0	100	0	0	\N
225	155	0	-434	259	-187	131	0	0	IT73_ACTORDEF	22	1113	0	0	0	0	0	0	0	0	0	0	100	0	0	\N
226	155	0	-168	-213	-187	130	0	0	IT69_ACTORDEF	15	1114	0	0	0	0	0	0	0	0	0	0	100	0	0	\N
228	155	0	-305	-487	-188	256	0	0	IT74_ACTORDEF	21	1112	0	0	0	0	0	0	0	0	0	0	100	0	0	\N
229	155	0	-241	-196	-187	380	17911	0	IT70_ACTORDEF	19	1116	0	0	0	0	0	0	0	0	0	0	100	0	0	\N
230	155	0	-201	277	-187	0	0	0	IT66_ACTORDEF	17	1115	0	0	0	0	0	0	0	0	0	0	100	0	0	\N
231	155	0	2	-484	-187	256	17907	0	IT69_ACTORDEF	15	1114	0	0	0	0	0	0	0	0	0	0	100	0	0	\N
232	100	0	-561	1389	1029	376	17913	0	IT74_ACTORDEF	21	1112	0	0	0	0	0	0	0	0	0	0	100	0	0	\N
233	100	0	-527	1354	1029	130	17914	0	IT73_ACTORDEF	22	1113	0	0	0	0	0	0	0	0	0	0	100	0	0	\N
234	100	0	-595	1354	1029	259	0	0	IT66_ACTORDEF	17	1115	0	0	0	0	0	0	0	0	0	0	100	0	0	Kejek Forge
235	100	0	-497	1344	1029	257	0	0	IT69_ACTORDEF	15	1114	0	0	0	0	0	0	0	0	0	0	100	0	0	\N
236	54	0	-549	-198	157	76	0	0	IT74_ACTORDEF	21	1112	0	0	0	0	0	0	0	0	0	0	100	0	0	\N
237	54	0	-554	-177	157	296	0	0	IT73_ACTORDEF	22	1113	0	0	0	0	0	0	0	0	0	0	100	0	0	\N
238	54	0	343	399	157	30	0	0	IT69_ACTORDEF	15	1114	0	0	0	0	0	0	0	0	0	0	100	0	0	\N
239	54	0	211	-522	73	101	0	0	IT70_ACTORDEF	19	1116	0	0	0	0	0	0	0	0	0	0	100	0	0	\N
240	54	0	64	-250	114	106	0	0	IT66_ACTORDEF	17	1115	0	0	0	0	0	0	0	0	0	0	100	0	0	\N
241	54	0	80	-480	161	225	0	0	IT66_ACTORDEF	48	1115	0	0	0	0	0	0	0	0	0	0	100	0	0	\N
242	54	0	565	912	118	400	0	0	IT128_ACTORDEF	16	892	0	0	0	0	0	0	0	0	0	0	100	0	0	\N
243	115	0	167	-260	-1	0	0	0	IT73_ACTORDEF	22	1113	0	0	0	0	0	0	0	0	0	0	100	0	0	\N
244	115	0	193	-260	-1	256	0	0	IT74_ACTORDEF	21	1112	0	0	0	0	0	0	0	0	0	0	100	0	0	\N
245	115	0	-112	-435	4	128	0	0	IT66_ACTORDEF	17	1115	0	0	0	0	0	0	0	0	0	0	100	0	0	\N
246	115	0	-203	-227	4	128	0	0	IT69_ACTORDEF	15	1114	0	0	0	0	0	0	0	0	0	0	100	0	0	\N
247	115	0	-383	103	-1	384	0	0	IT70_ACTORDEF	19	1116	0	0	0	0	0	0	0	0	0	0	100	0	0	\N
248	52	0	-222	533	-22	136	0	0	IT66_ACTORDEF	47	1115	0	0	0	0	0	0	0	0	0	0	100	0	0	\N
249	52	0	182	221	6	138	0	0	IT69_ACTORDEF	15	1114	0	0	0	0	0	0	0	0	0	0	100	0	0	\N
250	52	0	-400	535	-6	360	17907	0	IT69_ACTORDEF	15	1114	0	0	0	0	0	0	0	0	0	0	100	0	0	\N
251	52	0	-143	440	-5	67	0	0	IT74_ACTORDEF	21	1112	0	0	0	0	0	0	0	0	0	0	100	0	0	\N
252	52	0	-158	491	-6	66	17914	0	IT73_ACTORDEF	22	1113	0	0	0	0	0	0	0	0	0	0	100	0	0	\N
253	52	0	-192	410	-6	488	0	0	IT66_ACTORDEF	17	1115	0	0	0	0	0	0	0	0	0	0	100	0	0	\N
254	52	0	-339	88	8	254	0	0	IT70_ACTORDEF	19	1116	0	0	0	0	0	0	0	0	0	0	100	0	0	\N
255	52	0	-404	469	-7	54	17915	0	IT128_ACTORDEF	16	892	0	0	0	0	0	0	0	0	0	0	100	0	0	\N
256	129	0	885	13	-22	90	0	0	IT66_ACTORDEF	17	1115	0	0	0	0	0	0	0	0	0	0	100	0	0	\N
257	8	0	33	-155	-1	277	0	0	IT74_ACTORDEF	21	1112	0	0	0	0	0	0	0	0	0	0	100	0	0	\N
258	8	0	-35	-144	0	4	0	0	IT69_ACTORDEF	15	1114	0	0	0	0	0	0	0	0	0	0	100	0	0	\N
259	8	0	-40	-65	0	257	0	0	IT69_ACTORDEF	15	1114	0	0	0	0	0	0	0	0	0	0	100	0	0	\N
260	8	0	36	-177	-1	262	0	0	IT73_ACTORDEF	22	1113	0	0	0	0	0	0	0	0	0	0	100	0	0	\N
261	8	0	-107	30	0	245	0	0	IT66_ACTORDEF	17	1115	0	0	0	0	0	0	0	0	0	0	100	0	0	\N
262	8	0	-44	540	0	368	0	0	IT66_ACTORDEF	17	1115	0	0	0	0	0	0	0	0	0	0	100	0	0	\N
263	8	0	-71	-205	0	261	17911	0	IT70_ACTORDEF	19	1116	0	0	0	0	0	0	0	0	0	0	100	0	0	\N
264	8	0	-4	60	0	260	0	0	IT70_ACTORDEF	19	1116	0	0	0	0	0	0	0	0	0	0	100	0	0	\N
265	5	0	114	-234	0	246	0	0	IT66_ACTORDEF	17	1115	0	0	0	0	0	0	0	0	0	0	100	0	0	\N
266	5	0	-142	-317	0	506	17909	0	IT66_ACTORDEF	17	1115	0	0	0	0	0	0	0	0	0	0	100	0	0	\N
267	5	0	192	-278	0	130	17914	0	IT73_ACTORDEF	22	1113	0	0	0	0	0	0	0	0	0	0	100	0	0	\N
268	5	0	124	58	32	421	0	0	IT73_ACTORDEF	22	1113	0	0	0	0	0	0	0	0	0	0	100	0	0	\N
269	5	0	516	208	28	10	17914	0	IT73_ACTORDEF	22	1113	0	0	0	0	0	0	0	0	0	0	100	0	0	\N
270	5	0	20	-186	14	2	17911	0	IT70_ACTORDEF	19	1116	0	0	0	0	0	0	0	0	0	0	100	0	0	\N
271	5	0	37	-214	0	129	17911	0	IT70_ACTORDEF	19	1116	0	0	0	0	0	0	0	0	0	0	100	0	0	\N
272	5	0	307	65	42	455	17911	0	IT70_ACTORDEF	19	1116	0	0	0	0	0	0	0	0	0	0	100	0	0	\N
273	5	0	424	-75	6	381	17911	0	IT70_ACTORDEF	19	1116	0	0	0	0	0	0	0	0	0	0	100	0	0	\N
274	5	0	49	-247	16	259	17907	0	IT69_ACTORDEF	15	1114	0	0	0	0	0	0	0	0	0	0	100	0	0	\N
275	5	0	331	53	42	128	17907	0	IT69_ACTORDEF	15	1114	0	0	0	0	0	0	0	0	0	0	100	0	0	\N
276	5	0	154	34	32	200	17907	0	IT69_ACTORDEF	15	1114	0	0	0	0	0	0	0	0	0	0	100	0	0	\N
277	5	0	482	-121	10	258	0	0	IT69_ACTORDEF	15	1114	0	0	0	0	0	0	0	0	0	0	100	0	0	\N
278	5	0	186	-293	0	37	17913	0	IT74_ACTORDEF	21	1112	0	0	0	0	0	0	0	0	0	0	100	0	0	\N
279	5	0	131	69	32	202	0	0	IT74_ACTORDEF	21	1112	0	0	0	0	0	0	0	0	0	0	100	0	0	\N
280	5	0	494	219	28	366	17913	0	IT74_ACTORDEF	21	1112	0	0	0	0	0	0	0	0	0	0	100	0	0	\N
281	24	0	-299	-1160	48	386	0	0	IT69_ACTORDEF	15	1114	0	0	0	0	0	0	0	0	0	0	100	0	0	\N
282	24	0	-123	-892	47	256	0	0	IT69_ACTORDEF	15	1114	0	0	0	0	0	0	0	0	0	0	100	0	0	\N
283	24	0	-309	-1220	48	128	17911	0	IT70_ACTORDEF	19	1116	0	0	0	0	0	0	0	0	0	0	100	0	0	\N
284	24	0	-91	-1001	64	256	17911	0	IT70_ACTORDEF	19	1116	0	0	0	0	0	0	0	0	0	0	100	0	0	\N
286	24	0	-470	-1126	48	364	0	0	IT66_ACTORDEF	17	1115	0	0	0	0	0	0	0	0	0	0	100	0	0	\N
288	24	0	-134	-922	48	130	17914	0	IT73_ACTORDEF	22	1113	0	0	0	0	0	0	0	0	0	0	100	0	0	\N
289	24	0	-153	-923	49	129	17913	0	IT74_ACTORDEF	21	1112	0	0	0	0	0	0	0	0	0	0	100	0	0	\N
290	24	0	-263	-738	53	396	0	0	IT66_ACTORDEF	50	1115	0	0	0	0	0	0	0	0	0	0	100	0	0	\N
291	24	0	-55	-871	51	102	0	0	IT128_ACTORDEF	16	892	0	0	0	0	0	0	0	0	0	0	100	0	0	\N
360	68	0	-2478	-1124	-6.3	0	0	0	IT10714_ACTORDEF	53	1142	98	1152	0	2143052781	0	0	0	0	-1	-1	100	0	0	\N
22335	22	0	-150	-1600	0.8	100	0	0	IT10714_ACTORDEF	53	1142	98	1152	0	2143052781	0	0	0	0	-1	-1	100	0	0	\N
22336	34	0	900	2700	-27.8	128	0	0	IT10714_ACTORDEF	53	1142	98	1152	0	2143052781	0	0	0	0	-1	-1	100	0	0	\N
22339	35	0	1050	-1450	-26.1	64	0	0	IT10714_ACTORDEF	53	1142	98	1152	0	2143052781	0	0	0	0	-1	-1	100	0	0	\N
22340	30	0	-5050	1850	-63.1	192	0	0	IT10714_ACTORDEF	53	1142	98	1152	0	2143052781	0	0	0	0	-1	-1	100	0	0	\N
48305	162	0	-540	-290	-256	0	0	0	IT66_ACTORDEF	17	0	19288	1818	0	2142751456	0	0	0	70477	0	2147483647	100	0	0	\N
48337	155	0	-189	-183	-187	256	0	0	IT70_ACTORDEF	19	1116	8784	1926	0	2138279587	0	0	0	18679	0	2147483647	100	0	0	\N
48338	155	0	-189	-219	-187	256	0	0	IT70_ACTORDEF	19	1116	8568	1926	0	2138279586	0	0	0	18678	0	2147483647	100	0	0	\N
48344	155	0	405	412	-189	8	0	0	IT66_ACTORDEF	17	0	7272	1926	0	2138279580	0	0	0	18672	0	2147483647	100	0	0	\N
48345	155	0	405	399	-189	8	0	0	IT66_ACTORDEF	17	0	7056	1926	0	2138279579	0	0	0	18671	0	2147483647	100	0	0	\N
48346	155	0	375	25	-188	257	0	0	IT69_ACTORDEF	15	0	6840	1926	0	2138279578	0	0	0	18670	0	2147483647	100	0	0	\N
48347	155	0	375	37	-188	257	0	0	IT69_ACTORDEF	15	0	6624	1926	0	2138279577	0	0	0	18669	0	2147483647	100	0	0	\N
48349	155	0	288	-375	-165	380	0	0	IT128_ACTORDEF	16	0	56248	1923	0	2138279531	0	0	0	18606	0	2147483647	100	0	0	\N
48351	155	0	-213	-168	-187	130	0	0	IT69_ACTORDEF	15	0	55816	1923	0	2138279529	0	0	0	18604	0	2147483647	100	0	0	\N
48353	155	0	-487	-305	-188	256	0	0	IT74_ACTORDEF	21	0	55384	1923	0	2138279527	0	0	0	18602	0	2147483647	100	0	0	\N
48354	155	0	-196	-241	-187	380	0	0	IT70_ACTORDEF	19	1116	55168	1923	0	2138279526	2147483647	2147483647	2147483647	18601	0	2147483647	100	0	0	\N
48355	155	0	277	-201	-187	0	0	0	IT66_ACTORDEF	17	0	55056	1923	0	2138279525	2147483647	2147483647	2147483647	18600	0	2147483647	100	0	0	\N
48420	165	0	-2691	960	-437	412	0	0	IT70_ACTORDEF	19	1116	7552	2082	0	2115441653	0	0	0	78961	0	2147483647	100	0	0	\N
48421	165	0	-2601	1043	-438	466	0	0	IT66_ACTORDEF	17	0	7344	2082	0	2115441652	0	0	0	78960	0	2147483647	100	0	0	\N
48438	163	0	2046	-505.366	-54.873	0	0	0	IT63_ACTORDEF	6	0	44784	10654	0	4500	1157325353	2147483647	2147483647	2147483647	0	2147483647	100	0	0	\N
48439	163	0	2046	-505.344	-54.873	0	0	0	IT63_ACTORDEF	5	0	14264	10508	0	4500	1163610201	2147483647	1062173094	2147483647	0	2147483647	100	0	0	\N
48440	163	0	2037.63	-499.99	-54.873	0	0	0	IT63_ACTORDEF	5	0	18408	2055	0	4500	1690723511	1693017302	1696425216	2147483647	0	2147483647	100	0	0	\N
48441	163	0	2037.63	-499.99	-54.249	0	0	0	IT63_ACTORDEF	6	0	14264	10508	0	4500	1157443736	2147483647	2147483647	2147483647	0	2147483647	100	0	0	\N
52842	189	0	9.6	-150.4	12	-75	0	0	IT10803_ACTORDEF	15	1114	6840	1926	0	2138279578	0	0	0	18670	0	2147483647	100	0	0	\N
54860	224	0	154.8	1440.3	3.1	133.1	0	0	IT73_ACTORDEF	22	1113	0	0	0	0	0	0	0	0	0	0	100	0	0	\N
54861	224	0	159	1485.2	3.1	66.1	0	0	IT74_ACTORDEF	21	1112	0	0	0	0	0	0	0	0	0	0	100	0	0	\N
54862	224	0	156	1584.3	3.1	61.4	0	0	IT73_ACTORDEF	22	1113	0	0	0	0	0	0	0	0	0	0	100	0	0	\N
54863	224	0	18.9	1656	3.1	202.8	0	0	IT70_ACTORDEF	19	1116	0	0	0	0	0	0	0	0	0	0	100	0	0	\N
54864	224	0	-86.5	1626.4	3.1	181.2	0	0	IT70_ACTORDEF	19	1116	0	0	0	0	0	0	0	0	0	0	100	0	0	\N
65572	224	0	1656	21	3	174	0	0	IT70_ACTORDEF	19	1116	14992	620	0	2146253026	0	0	0	20148	0	2147483647	100	0	0	\N
65573	224	0	1620	-84	3	136	0	0	IT70_ACTORDEF	19	1116	14784	620	0	2146253025	0	0	0	20147	0	2147483647	100	0	0	\N
65574	224	0	1554	140	3	233	0	0	IT74_ACTORDEF	21	0	14576	620	0	2146253024	0	0	0	20146	0	2147483647	100	0	0	\N
65575	224	0	1442	158	3	460	0	0	IT73_ACTORDEF	22	0	14368	620	0	2146253023	0	0	0	20145	0	2147483647	100	0	0	\N
65576	224	0	1480	159	3	476	0	0	IT74_ACTORDEF	21	0	14160	620	0	2146253022	0	0	0	20144	0	2147483647	100	0	0	\N
65577	224	0	1584	156	3	383	0	0	IT73_ACTORDEF	22	0	13952	620	0	2146253021	0	0	0	20143	0	2147483647	100	0	0	\N
65589	203	0	-863.89	-1000.91	-936.429	0	0	0	IT5_ACTORDEF	25	0	15784	10319	0	4500	0	0	779456	2147483647	0	2147483647	100	0	0	\N
65614	279	0	168.9	-88	114	0	0	0	IT69_ACTORDEF	15	0	27280	2399	0	2142509874	0	0	0	103137	0	2147483647	100	0	0	\N
65615	279	0	-166	-79	114	256	0	0	IT69_ACTORDEF	15	0	27072	2399	0	2142509873	0	0	0	103136	0	2147483647	100	0	0	\N
65616	279	0	0	-22	156	256	0	0	IT10714_ACTORDEF	53	1142	26864	2399	0	2142509872	0	0	0	103135	0	2147483647	100	0	0	\N
65617	279	0	240	-79	98	188	0	0	IT128_ACTORDEF	16	0	57560	2386	0	2142509698	0	0	0	15375	0	2147483647	100	0	0	\N
65618	279	0	104	-260	98	256	0	0	IT128_ACTORDEF	16	0	57352	2386	0	2142509697	0	0	0	15374	0	2147483647	100	0	0	\N
65619	279	0	115	59	114	384	0	0	IT128_ACTORDEF	16	0	57136	2386	0	2142509696	0	0	0	15373	0	2147483647	100	0	0	\N
65620	279	0	-227	714	98	128	0	0	IT73_ACTORDEF	22	0	56928	2386	0	2142509695	0	0	0	15372	0	2147483647	100	0	0	\N
65621	279	0	-6	323	74	0	0	0	IT73_ACTORDEF	22	0	56720	2386	0	2142509694	0	0	0	15371	0	2147483647	100	0	0	\N
65622	279	0	231	-328.2	98	0	0	0	IT73_ACTORDEF	22	0	56512	2386	0	2142509693	0	0	0	15370	0	2147483647	100	0	0	\N
65623	279	0	-252	704	98	0	0	0	IT74_ACTORDEF	21	0	56304	2386	0	2142509692	0	0	0	15369	0	2147483647	100	0	0	\N
65624	279	0	21	336	86	0	0	0	IT74_ACTORDEF	21	0	56096	2386	0	2142509691	0	0	0	15368	0	2147483647	100	0	0	\N
65625	279	0	195	-258	98	322	0	0	IT74_ACTORDEF	21	0	55888	2386	0	2142509690	0	0	0	15367	0	2147483647	100	0	0	\N
65626	279	0	-20	107	98	256	0	0	IT70_ACTORDEF	19	1116	55680	2386	0	2142509689	0	0	0	15366	0	2147483647	100	0	0	\N
65627	279	0	198	-44	98	0	0	0	IT70_ACTORDEF	19	1116	55472	2386	0	2142509688	0	0	0	15365	0	2147483647	100	0	0	\N
65628	279	0	169	-209	114	384	0	0	IT70_ACTORDEF	19	1116	55264	2386	0	2142509687	0	0	0	15364	0	2147483647	100	0	0	\N
65629	279	0	143	118	114	449	0	0	IT66_ACTORDEF	17	0	55056	2386	0	2142509686	0	0	0	15363	0	2147483647	100	0	0	\N
65630	279	0	294	65	114	384	0	0	IT66_ACTORDEF	17	0	54848	2386	0	2142509685	0	0	0	15362	0	2147483647	100	0	0	\N
65631	279	0	253	175	114	323	0	0	IT66_ACTORDEF	17	0	53864	2386	0	2142509684	0	0	0	15361	0	2147483647	100	0	0	\N
65638	281	0	318.35	-1050.47	-11.21	238.05	0	0	IT27_ACTORDEF	0	0	27208	1776	0	2145878661	3256	4128778	92016	24329	0	2147483647	100	0	0	\N
65645	301	0	455	737	-924	0	0	0	IT10511_ACTORDEF	3	0	6288	2013	0	2145912627	0	0	0	5124	0	2147483647	100	0	0	\N
65646	303	0	-861	-372	255	0	0	0	IT10511_ACTORDEF	3	0	9456	2389	0	2145752540	4343	196655	65536	5125	0	2147483647	100	0	0	\N
65647	336	0	358	-541	96	0	0	0	IT10511_ACTORDEF	3	0	42408	2793	0	2144163105	2147483647	2147483647	1146237717	5122	0	2147483647	100	0	0	\N
65649	302	0	1050	117	-246	0	0	0	IT10511_ACTORDEF	3	0	63160	12005	0	2146780259	0	0	4941078	5123	0	2147483647	100	0	0	\N
69128	151	0	-205	180	-31	357	0	0	IT10800_ACTORDEF	21	0	20432	2021	0	2127355528	0	0	0	53839	0	2147483647	100	0	0	\N
69129	151	0	119	-255	30	125	0	0	IT10804_ACTORDEF	17	0	20216	2021	0	2127355527	0	0	0	53838	0	2147483647	100	0	0	\N
69130	151	0	-205	138	-31	57	0	0	IT10802_ACTORDEF	16	0	20000	2021	0	2127355526	0	0	0	53837	0	2147483647	100	0	0	\N
69131	151	0	-432	136	-31	130	0	0	IT10804_ACTORDEF	17	0	19784	2021	0	2127355525	0	0	0	53836	0	2147483647	100	0	0	\N
69132	151	0	-314	217	-31	250	0	0	IT10803_ACTORDEF	15	0	19568	2021	0	2127355524	0	0	0	53835	0	2147483647	100	0	0	\N
69133	151	0	-326	215	-31	250	0	0	IT10800_ACTORDEF	21	0	19352	2021	0	2127355523	0	0	0	53834	0	2147483647	100	0	0	\N
69134	151	0	-204	162	-31	238	0	0	IT10801_ACTORDEF	22	0	19136	2021	0	2127355522	0	0	0	53833	0	2147483647	100	0	0	\N
69135	151	0	-432	172	-31	130	0	0	IT10804_ACTORDEF	17	0	18920	2021	0	2127355521	0	0	0	53832	0	2147483647	100	0	0	\N
69136	151	0	-349.96	107.06	-28.96	384.13	0	0	IT10714_ACTORDEF	53	0	25336	2019	0	2127355488	0	0	0	10550	0	2147483647	100	0	0	\N
96153	104	0	19.74	-230.88	-178.81	180	0	0	IT66_ACTORDEF	30	1115	0	0	0	0	0	0	0	0	0	0	100	0	0	\N
103173	202	0	1471	84	-111.998	256	0	0	IT128_ACTORDEF	16	892	0	0	0	0	0	0	0	0	0	0	100	0	0	New Tanaan Loom
103174	202	0	231	-88	-127.998	256	0	0	IT69_ACTORDEF	15	1114	0	0	0	0	0	0	0	0	0	0	100	0	0	New Tanaan Oven
103175	202	0	1442	96	-111.998	0	0	0	IT66_ACTORDEF	17	1115	0	0	0	0	0	0	0	0	0	0	100	0	0	New Tanaan Forge
103180	202	0	259	89	-127.998	258	0	0	IT70_ACTORDEF	19	1116	0	0	0	0	0	0	0	0	0	0	100	0	0	New Tanaan Brewing Barrel
103181	202	0	1454	146	-127.998	383	0	0	IT128_ACTORDEF	16	892	0	0	0	0	0	0	0	0	0	0	100	0	0	New Tanaan Loom
103182	202	0	264	-88	-127.998	256	0	0	IT69_ACTORDEF	15	1114	0	0	0	0	0	0	0	0	0	0	100	0	0	New Tanaan Oven
103183	202	0	1002	352	-95.998	383	0	0	IT74_ACTORDEF	21	1112	0	0	0	0	0	0	0	0	0	0	100	0	0	New Tanaan Pottery Wheel
103184	202	0	795	339	-95.998	128	0	0	IT74_ACTORDEF	21	1112	0	0	0	0	0	0	0	0	0	0	100	0	0	New Tanaan Pottery Wheel
103185	202	0	477	-400	-127.998	128	0	0	IT66_ACTORDEF	17	1115	0	0	0	0	0	0	0	0	0	0	100	0	0	New Tanaan Forge
103186	202	0	435	-400	-127.998	128	0	0	IT66_ACTORDEF	17	1115	0	0	0	0	0	0	0	0	0	0	100	0	0	New Tanaan Forge
103187	202	0	819	335	-95.998	128	0	0	IT73_ACTORDEF	22	1113	0	0	0	0	0	0	0	0	0	0	100	0	0	New Tanaan Kiln
103188	202	0	989	374	-95.998	383	0	0	IT73_ACTORDEF	22	1113	0	0	0	0	0	0	0	0	0	0	100	0	0	New Tanaan Kiln
103189	202	0	199	17	-127.998	386	0	0	IT70_ACTORDEF	19	1116	0	0	0	0	0	0	0	0	0	0	100	0	0	New Tanaan Brewing Barrel
103190	202	0	562	-421	-127.998	500	0	0	IT66_ACTORDEF	17	1115	0	0	0	0	0	0	0	0	0	0	100	0	0	New Tanaan Forge
104190	50	0	-159	-1785	0	184	0	0	IT128_ACTORDEF	16	0	0	0	0	0	0	0	0	0	0	0	100	0	0	\N
104191	50	0	6	-1259	1	135	0	0	IT70_ACTORDEF	19	1116	0	0	0	0	0	0	0	0	0	0	100	0	0	\N
104192	50	0	591	-2216	3	470	0	0	IT69_ACTORDEF	15	0	0	0	0	0	0	0	0	0	0	0	100	0	0	\N
104193	50	0	915	-2324	4	423	0	0	IT69_ACTORDEF	15	0	0	0	0	0	0	0	0	0	0	0	100	0	0	\N
104194	50	0	301	-2096	2	307	0	0	IT73_ACTORDEF	22	0	0	0	0	0	0	0	0	0	0	0	100	0	0	\N
104195	50	0	273	-2086	1	311	0	0	IT74_ACTORDEF	21	0	0	0	0	0	0	0	0	0	0	0	100	0	0	\N
104196	50	0	863	-2375	2	375	0	0	IT66_ACTORDEF	17	0	0	0	0	0	0	0	0	0	0	0	100	0	0	\N
104197	50	0	332	-1721	1	29	0	0	IT66_ACTORDEF	17	0	0	0	0	0	0	0	0	0	0	0	100	0	0	\N
126275	61	0	-382.5	-86	3.8	0	0	0	IT66_ACTORDEF	17	1115	0	0	0	0	0	0	0	0	0	0	100	0	0	\N
227735	3	0	-4.59	-66.78	3.32	0	0	0	IT66_ACTORDEF	17	1115	0	0	0	0	0	0	0	0	0	0	100	0	0	\N
227736	121	0	292	-168	-399.7	190	0	0	IT66_ACTORDEF	17	0	0	0	0	0	0	0	0	0	0	0	100	0	0	\N
227737	121	0	291	-191	-399.7	190	0	0	IT66_ACTORDEF	17	0	0	0	0	0	0	0	0	0	0	0	100	0	0	\N
227738	121	0	340	-128	-399.7	147	0	0	IT66_ACTORDEF	17	0	0	0	0	0	0	0	0	0	0	0	100	0	0	\N
227762	344	0	-197.4	621.1	-2	200	0	0	IT10714_ACTORDEF	53	1142	0	0	0	0	0	0	0	0	0	0	100	0	0	\N
227763	344	0	198.3	204.1	-2	200	0	0	IT10714_ACTORDEF	53	1142	0	0	0	0	0	0	0	0	0	0	100	0	0	\N
227765	415	0	1048	-376	-28	107	0	0	IT63_ACTORDEF	8	0	0	0	0	0	0	0	0	0	0	0	100	0	0	\N
227766	395	0	485	-25	32	205	0	0	IT10714_ACTORDEF	53	0	0	0	0	0	0	0	0	0	0	0	100	0	0	\N
227775	351	0	197.849	3004.42	88.1332	0	0	0	IT10806_ACTORDEF	255	0	0	0	0	0	0	0	0	0	0	0	100	0	0	\N
227776	351	0	-250	-3121	103	100	0	0	IT10645_ACTORDEF	255	0	0	0	0	0	0	0	0	0	0	0	100	0	0	\N
227777	362	0	195	-1129	50	291	0	0	IT10711_ACTORDEF	255	0	0	0	0	0	0	0	0	0	0	0	100	0	0	\N
227778	369	0	1644	-361	6	476	0	0	IT10714_ACTORDEF	53	0	0	0	0	0	0	0	0	0	0	0	100	0	0	\N
227780	372	0	2856.94	3017.05	83.127	0	0	0	IT11068_ACTORDEF	255	0	0	0	0	0	0	0	0	0	0	0	100	0	0	\N
227781	372	0	2802.96	2729.61	30.3535	0	0	0	IT11068_ACTORDEF	255	0	0	0	0	0	0	0	0	0	0	0	100	0	0	\N
227782	372	0	2304.59	3492.36	71.1771	0	0	0	IT11068_ACTORDEF	255	0	0	0	0	0	0	0	0	0	0	0	100	0	0	\N
227783	372	0	2266.48	3111.25	83.127	0	0	0	IT11068_ACTORDEF	255	0	0	0	0	0	0	0	0	0	0	0	100	0	0	\N
227784	372	0	2527.93	1193.56	45.1111	0	0	0	IT11068_ACTORDEF	255	0	0	0	0	0	0	0	0	0	0	0	100	0	0	\N
227785	372	0	1697	1707	40	0	0	0	IT403_ACTORDEF	1	0	0	0	0	0	0	0	0	0	0	0	100	0	0	\N
227786	372	0	2400.21	3777.51	83.127	0	0	0	IT11068_ACTORDEF	255	0	0	0	0	0	0	0	0	0	0	0	100	0	0	\N
227787	372	0	2803	3689.23	84.6441	0	0	0	IT11068_ACTORDEF	255	0	0	0	0	0	0	0	0	0	0	0	100	0	0	\N
227788	372	0	3198.22	3430.89	83.4976	0	0	0	IT11068_ACTORDEF	255	0	0	0	0	0	0	0	0	0	0	0	100	0	0	\N
227789	372	0	3342.81	3097.62	84.46	0	0	0	IT11068_ACTORDEF	255	0	0	0	0	0	0	0	0	0	0	0	100	0	0	\N
227790	372	0	419.399	2792.6	33.127	0	0	0	IT11068_ACTORDEF	255	0	0	0	0	0	0	0	0	0	0	0	100	0	0	\N
227791	372	0	1148.27	1042.73	16.127	0	0	0	IT11068_ACTORDEF	255	0	0	0	0	0	0	0	0	0	0	0	100	0	0	\N
227792	372	0	2278.92	250.911	49.127	0	0	0	IT11068_ACTORDEF	255	0	0	0	0	0	0	0	0	0	0	0	100	0	0	\N
227793	378	0	640.238	567.121	-35.2073	0	0	0	IT11074_ACTORDEF	255	0	0	0	0	0	0	0	0	0	0	0	100	0	0	\N
227794	378	0	665.432	522.355	-36.248	0	0	0	IT11077_ACTORDEF	255	0	0	0	0	0	0	0	0	0	0	0	100	0	0	\N
227795	378	0	627.247	363.316	-36.248	0	0	0	IT11074_ACTORDEF	255	0	0	0	0	0	0	0	0	0	0	0	100	0	0	\N
227796	378	0	751.895	367.712	-36.0672	0	0	0	IT11077_ACTORDEF	255	0	0	0	0	0	0	0	0	0	0	0	100	0	0	\N
227797	378	0	770.858	966.886	1.44431	0	0	0	IT11077_ACTORDEF	255	0	0	0	0	0	0	0	0	0	0	0	100	0	0	\N
227798	378	0	739.947	994.934	1.44431	0	0	0	IT11074_ACTORDEF	255	0	0	0	0	0	0	0	0	0	0	0	100	0	0	\N
227799	378	0	726.136	58.4609	-36.247	0	0	0	IT11077_ACTORDEF	255	0	0	0	0	0	0	0	0	0	0	0	100	0	0	\N
227800	378	0	1070.53	557.693	4.752	0	0	0	IT11074_ACTORDEF	255	0	0	0	0	0	0	0	0	0	0	0	100	0	0	\N
227801	378	0	691.761	15.1252	-36.248	0	0	0	IT11074_ACTORDEF	255	0	0	0	0	0	0	0	0	0	0	0	100	0	0	\N
227802	378	0	900.564	420.434	3.752	0	0	0	IT11077_ACTORDEF	255	0	0	0	0	0	0	0	0	0	0	0	100	0	0	\N
227803	378	0	938.321	797.52	1.45484	0	0	0	IT11074_ACTORDEF	255	0	0	0	0	0	0	0	0	0	0	0	100	0	0	\N
227804	378	0	921.096	840.168	1.50503	0	0	0	IT11077_ACTORDEF	255	0	0	0	0	0	0	0	0	0	0	0	100	0	0	\N
227805	378	0	900.462	723.666	3.752	0	0	0	IT11077_ACTORDEF	255	0	0	0	0	0	0	0	0	0	0	0	100	0	0	\N
227806	378	0	1002.98	732.751	3.77204	0	0	0	IT11074_ACTORDEF	255	0	0	0	0	0	0	0	0	0	0	0	100	0	0	\N
227808	382	0	-656	-1492	7	125	0	0	IT10801_ACTORDEF	22	0	0	0	0	0	0	0	0	0	0	0	100	0	0	\N
227809	382	0	-806	-1332	7	134	0	0	IT10801_ACTORDEF	22	0	0	0	0	0	0	0	0	0	0	0	100	0	0	\N
227810	382	0	-864	-1272	7	256	0	0	IT10800_ACTORDEF	21	0	0	0	0	0	0	0	0	0	0	0	100	0	0	\N
227811	382	0	-472	-1237	7	0	0	0	IT10800_ACTORDEF	21	0	0	0	0	0	0	0	0	0	0	0	100	0	0	\N
227812	382	0	550	-1100	11	511	0	0	IT10804_ACTORDEF	17	0	0	0	0	0	0	0	0	0	0	0	100	0	0	\N
227813	382	0	-724	710	-21	250	0	0	IT10804_ACTORDEF	17	0	0	0	0	0	0	0	0	0	0	0	100	0	0	\N
227814	382	0	35	-971	4	375	0	0	IT10801_ACTORDEF	22	0	0	0	0	0	0	0	0	0	0	0	100	0	0	\N
227815	382	0	190	-1353	-54	22	0	0	IT10800_ACTORDEF	21	0	0	0	0	0	0	0	0	0	0	0	100	0	0	\N
227816	382	0	467	-1581	-50	0	0	0	IT10804_ACTORDEF	17	0	0	0	0	0	0	0	0	0	0	0	100	0	0	\N
227817	382	0	344	-1210	-51	250	0	0	IT10803_ACTORDEF	15	0	0	0	0	0	0	0	0	0	0	0	100	0	0	\N
227818	382	0	-770	204	7	305	0	0	IT10803_ACTORDEF	15	0	0	0	0	0	0	0	0	0	0	0	100	0	0	\N
227819	382	0	-813	165	7	300	0	0	IT10805_ACTORDEF	19	0	0	0	0	0	0	0	0	0	0	0	100	0	0	\N
227820	382	0	-1165	-1116	8	198	0	0	IT10805_ACTORDEF	19	0	0	0	0	0	0	0	0	0	0	0	100	0	0	\N
227821	382	0	208	-31	25	48	0	0	IT10804_ACTORDEF	17	0	0	0	0	0	0	0	0	0	0	0	100	0	0	\N
227822	382	0	131	212	30	0	0	0	IT10805_ACTORDEF	19	0	0	0	0	0	0	0	0	0	0	0	100	0	0	\N
227823	382	0	102	193	30	0	0	0	IT10803_ACTORDEF	15	0	0	0	0	0	0	0	0	0	0	0	100	0	0	\N
227824	382	0	-909	-398	1	188	0	0	IT63_ACTORDEF	8	0	0	0	0	0	0	0	0	0	0	0	100	0	0	\N
227825	382	0	228	-51	28	61	0	0	IT10804_ACTORDEF	17	0	0	0	0	0	0	0	0	0	0	0	100	0	0	\N
227826	382	0	-986	-17	-31	66	0	0	IT63_ACTORDEF	8	0	0	0	0	0	0	0	0	0	0	0	100	0	0	\N
227827	382	0	11	-956	23	386	0	0	IT63_ACTORDEF	8	0	0	0	0	0	0	0	0	0	0	0	100	0	0	\N
227828	392	0	-282	-80	113	56	0	0	IT10714_ACTORDEF	53	0	0	0	0	0	0	0	0	0	0	0	100	0	0	\N
227829	392	0	-558	7948	107	264	0	0	IT10714_ACTORDEF	53	0	0	0	0	0	0	0	0	0	0	0	100	0	0	\N
227830	374	0	24.2234	930.138	2.752	0	0	0	IT11068_ACTORDEF	255	0	0	0	0	0	0	0	0	0	0	0	100	0	0	\N
227831	374	0	-774.294	344.105	1.877	0	0	0	IT11068_ACTORDEF	255	0	0	0	0	0	0	0	0	0	0	0	100	0	0	\N
227832	374	0	-910.466	-201.023	1.877	0	0	0	IT11068_ACTORDEF	255	0	0	0	0	0	0	0	0	0	0	0	100	0	0	\N
227833	374	0	-779.48	-345.912	1.877	0	0	0	IT11068_ACTORDEF	255	0	0	0	0	0	0	0	0	0	0	0	100	0	0	\N
227834	374	0	-143.739	-959.025	1.877	0	0	0	IT11068_ACTORDEF	255	0	0	0	0	0	0	0	0	0	0	0	100	0	0	\N
227835	374	0	800.65	-546.202	1.877	0	0	0	IT11068_ACTORDEF	255	0	0	0	0	0	0	0	0	0	0	0	100	0	0	\N
227836	374	0	901.936	184.261	1.877	0	0	0	IT11068_ACTORDEF	255	0	0	0	0	0	0	0	0	0	0	0	100	0	0	\N
227837	374	0	640.379	782.068	1.877	0	0	0	IT11068_ACTORDEF	255	0	0	0	0	0	0	0	0	0	0	0	100	0	0	\N
227838	374	0	298.274	785.37	1.877	0	0	0	IT11068_ACTORDEF	255	0	0	0	0	0	0	0	0	0	0	0	100	0	0	\N
227839	370	0	-19	1288	-272	0	0	0	IT403_ACTORDEF	1	0	0	0	0	0	0	0	0	0	0	0	100	0	0	\N
227840	393	0	-324	1346	88	199	0	0	IT63_ACTORDEF	8	0	0	0	0	0	0	0	0	0	0	0	100	0	0	\N
227841	393	0	-326	-138	108	413	0	0	IT10714_ACTORDEF	53	0	0	0	0	0	0	0	0	0	0	0	100	0	0	\N
227842	393	0	-1687	3868	7	452	0	0	IT63_ACTORDEF	8	0	0	0	0	0	0	0	0	0	0	0	100	0	0	\N
227844	376	0	141.21	-382.813	169.139	0	0	0	IT11078_ACTORDEF	255	0	0	0	0	0	0	0	0	0	0	0	100	0	0	\N
227845	376	0	129.643	-341.602	59.2604	0	0	0	IT11078_ACTORDEF	255	0	0	0	0	0	0	0	0	0	0	0	100	0	0	\N
227846	383	0	-597	104	-87	256	0	0	IT10805_ACTORDEF	19	0	0	0	0	0	0	0	0	0	0	0	100	0	0	\N
227847	383	0	-1677	389	-112	259	0	0	IT10803_ACTORDEF	15	0	0	0	0	0	0	0	0	0	0	0	100	0	0	\N
227848	383	0	-504	214	-87	0	0	0	IT10800_ACTORDEF	21	0	0	0	0	0	0	0	0	0	0	0	100	0	0	\N
227849	383	0	-465	107	-88	384	0	0	IT10803_ACTORDEF	15	0	0	0	0	0	0	0	0	0	0	0	100	0	0	\N
227850	383	0	-463	151	-86	256	0	0	IT10801_ACTORDEF	22	0	0	0	0	0	0	0	0	0	0	0	100	0	0	\N
227851	383	0	-277	-171	-87	3	0	0	IT10804_ACTORDEF	17	0	0	0	0	0	0	0	0	0	0	0	100	0	0	\N
227852	383	0	-1584	388	-112	250	0	0	IT10804_ACTORDEF	17	0	0	0	0	0	0	0	0	0	0	0	100	0	0	\N
227853	383	0	-560	132	-88	384	0	0	IT10805_ACTORDEF	19	0	0	0	0	0	0	0	0	0	0	0	100	0	0	\N
227854	383	0	-357	-176	-87	128	0	0	IT10805_ACTORDEF	19	0	0	0	0	0	0	0	0	0	0	0	100	0	0	\N
227855	383	0	-533	-193	-86	0	0	0	IT10804_ACTORDEF	17	0	0	0	0	0	0	0	0	0	0	0	100	0	0	\N
227856	383	0	-1656	1428	-63	437	0	0	IT63_ACTORDEF	8	0	0	0	0	0	0	0	0	0	0	0	100	0	0	\N
227857	383	0	-1324	803	-112	187	0	0	IT10802_ACTORDEF	16	0	0	0	0	0	0	0	0	0	0	0	100	0	0	\N
227858	408	0	-1316	949	-15	0	0	0	IT10649_ACTORDEF	255	0	0	0	0	0	0	0	0	0	0	0	100	0	0	\N
227859	408	0	-1397	942	-14	0	0	0	IT10649_ACTORDEF	255	0	0	0	0	0	0	0	0	0	0	0	100	0	0	\N
227860	408	0	-1404	930	-14	0	0	0	IT10649_ACTORDEF	255	0	0	0	0	0	0	0	0	0	0	0	100	0	0	\N
227861	408	0	-2547	-1694	36	0	0	0	IT10714_ACTORDEF	53	0	0	0	0	0	0	0	0	0	0	0	100	0	0	\N
227862	407	0	-16	-486	-37	449	0	0	IT66_ACTORDEF	17	0	0	0	0	0	0	0	0	0	0	0	100	0	0	\N
227863	407	0	-372	-630	-14	188	0	0	IT66_ACTORDEF	17	0	0	0	0	0	0	0	0	0	0	0	100	0	0	\N
227864	407	0	11	-461	-37	323	0	0	IT73_ACTORDEF	22	0	0	0	0	0	0	0	0	0	0	0	100	0	0	\N
227865	407	0	81	113	42	487	0	0	IT73_ACTORDEF	22	0	0	0	0	0	0	0	0	0	0	0	100	0	0	\N
227866	407	0	627	213	39	438	0	0	IT73_ACTORDEF	22	0	0	0	0	0	0	0	0	0	0	0	100	0	0	\N
227867	407	0	-238	-475	14	283	0	0	IT70_ACTORDEF	19	0	0	0	0	0	0	0	0	0	0	0	100	0	0	\N
227868	407	0	-254	-394	-13	281	0	0	IT70_ACTORDEF	19	0	0	0	0	0	0	0	0	0	0	0	100	0	0	\N
227869	407	0	343	138	42	346	0	0	IT70_ACTORDEF	19	0	0	0	0	0	0	0	0	0	0	0	100	0	0	\N
227870	407	0	569	-101	-15	254	0	0	IT70_ACTORDEF	19	0	0	0	0	0	0	0	0	0	0	0	100	0	0	\N
227871	407	0	-195	-489	17	394	0	0	IT69_ACTORDEF	15	0	0	0	0	0	0	0	0	0	0	0	100	0	0	\N
227872	407	0	321	101	42	209	0	0	IT69_ACTORDEF	15	0	0	0	0	0	0	0	0	0	0	0	100	0	0	\N
227873	407	0	97	24	42	201	0	0	IT69_ACTORDEF	15	0	0	0	0	0	0	0	0	0	0	0	100	0	0	\N
227874	407	0	580	-147	-15	253	0	0	IT69_ACTORDEF	15	0	0	0	0	0	0	0	0	0	0	0	100	0	0	\N
227875	407	0	9	-491	-37	74	0	0	IT74_ACTORDEF	21	0	0	0	0	0	0	0	0	0	0	0	100	0	0	\N
227876	407	0	34	14	42	459	0	0	IT74_ACTORDEF	21	0	0	0	0	0	0	0	0	0	0	0	100	0	0	\N
227877	407	0	592	198	40	192	0	0	IT74_ACTORDEF	21	0	0	0	0	0	0	0	0	0	0	0	100	0	0	\N
227878	396	1	78	99	290	489	0	0	IT63_ACTORDEF	8	0	0	0	0	0	0	0	0	0	0	0	100	0	0	\N
227879	396	1	-52	-129	269	79	0	0	IT63_ACTORDEF	8	0	0	0	0	0	0	0	0	0	0	0	100	0	0	\N
227880	400	1	-1156	-2044	28	300	0	0	IT10724_ACTORDEF	255	0	0	0	0	0	0	0	0	0	0	0	100	0	0	\N
227881	400	1	75	-220.25	12	0	0	0	IT11068_ACTORDEF	255	0	0	0	0	0	0	0	0	0	0	0	100	0	0	\N
227882	400	1	75	-220.25	12	0	0	0	IT11068_ACTORDEF	255	0	0	0	0	0	0	0	0	0	0	0	100	0	0	\N
227883	409	1	7856	944	-233	0	0	0	IT63_ACTORDEF	8	0	0	0	0	0	0	0	0	0	0	0	100	0	0	\N
227884	409	1	-7895	1568	-319	0	0	0	IT63_ACTORDEF	8	0	0	0	0	0	0	0	0	0	0	0	100	0	0	\N
227885	409	1	-2854	2325	-120	0	0	0	IT63_ACTORDEF	8	0	0	0	0	0	0	0	0	0	0	0	100	0	0	\N
227886	409	1	1970	29	-495	0	0	0	IT11260_ACTORDEF	255	0	0	0	0	0	0	0	0	0	0	0	100	0	0	\N
227887	398	0	1147.16	3685.91	-122.47	0	0	0	IT63_ACTORDEF	8	0	0	0	0	0	0	0	0	0	0	0	100	0	0	\N
227888	398	0	-1275	3542	-113	23	0	0	IT63_ACTORDEF	8	0	0	0	0	0	0	0	0	0	0	0	100	0	0	\N
227889	398	0	-1575	1522	-252	212	0	0	IT63_ACTORDEF	8	0	0	0	0	0	0	0	0	0	0	0	100	0	0	\N
227890	398	0	-191.4	1588.33	-304.94	0	0	0	IT63_ACTORDEF	8	0	0	0	0	0	0	0	0	0	0	0	100	0	0	\N
227891	398	0	-191.4	1588.33	-304.94	0	0	0	IT63_ACTORDEF	8	0	0	0	0	0	0	0	0	0	0	0	100	0	0	\N
227892	398	0	1033	6451	18	487	0	0	IT63_ACTORDEF	8	0	0	0	0	0	0	0	0	0	0	0	100	0	0	\N
227893	398	0	-618	4853	-54	317	0	0	IT63_ACTORDEF	8	0	0	0	0	0	0	0	0	0	0	0	100	0	0	\N
227894	398	0	1301	3730	-129	360	0	0	IT63_ACTORDEF	8	0	0	0	0	0	0	0	0	0	0	0	100	0	0	\N
227895	398	0	1078.48	6373.25	24.6	0	0	0	IT63_ACTORDEF	8	0	0	0	0	0	0	0	0	0	0	0	100	0	0	\N
227896	398	0	-504.19	4809.65	-53.34	0	0	0	IT63_ACTORDEF	8	0	0	0	0	0	0	0	0	0	0	0	100	0	0	\N
227897	398	0	-1287.67	3542.27	-112.41	0	0	0	IT63_ACTORDEF	8	0	0	0	0	0	0	0	0	0	0	0	100	0	0	\N
227898	399	0	-1795	-1438	57	0	0	0	IT63_ACTORDEF	8	0	0	0	0	0	0	0	0	0	0	0	100	0	0	\N
227899	399	0	-1796	-1445	58	0	0	0	IT63_ACTORDEF	8	0	0	0	0	0	0	0	0	0	0	0	100	0	0	\N
227900	399	0	-1795	-1438	57	0	0	0	IT63_ACTORDEF	8	0	0	0	0	0	0	0	0	0	0	0	100	0	0	\N
227901	399	0	-1796	-1445	58	0	0	0	IT63_ACTORDEF	8	0	0	0	0	0	0	0	0	0	0	0	100	0	0	\N
227902	399	0	-1795	-1438	57	0	0	0	IT63_ACTORDEF	8	0	0	0	0	0	0	0	0	0	0	0	100	0	0	\N
227903	399	0	-1796	-1445	58	0	0	0	IT63_ACTORDEF	8	0	0	0	0	0	0	0	0	0	0	0	100	0	0	\N
227904	399	0	-1795	-1438	57	0	0	0	IT63_ACTORDEF	8	0	0	0	0	0	0	0	0	0	0	0	100	0	0	\N
227905	399	0	-1796	-1445	58	0	0	0	IT63_ACTORDEF	8	0	0	0	0	0	0	0	0	0	0	0	100	0	0	\N
227906	399	0	-1795	-1438	57	0	0	0	IT63_ACTORDEF	8	0	0	0	0	0	0	0	0	0	0	0	100	0	0	\N
227907	399	0	-1796	-1445	58	0	0	0	IT63_ACTORDEF	8	0	0	0	0	0	0	0	0	0	0	0	100	0	0	\N
227908	399	0	-157	-157	97.5401	0	0	0	IT63_ACTORDEF	8	0	0	0	0	0	0	0	0	0	0	0	100	0	0	\N
227909	399	0	-210	-117	100.513	0	0	0	IT63_ACTORDEF	8	0	0	0	0	0	0	0	0	0	0	0	100	0	0	\N
227910	399	0	1190.22	40.2173	95.148	0	0	0	IT65_ACTORDEF	255	0	0	0	0	0	0	0	0	0	0	0	100	0	0	\N
227911	399	0	-1101.79	1849.07	185.49	172	0	0	IT10831_ACTORDEF	255	0	0	0	0	0	0	0	0	0	0	0	100	0	0	\N
227912	399	0	-1107.65	1843.07	185.78	145	0	0	IT10831_ACTORDEF	255	0	0	0	0	0	0	0	0	0	0	0	100	0	0	\N
227913	401	0	-1609	-440	2	70	0	0	IT10645_ACTORDEF	255	0	0	0	0	0	0	0	0	0	0	0	100	0	0	\N
227914	401	0	-1228	-706	0	500	0	0	IT10645_ACTORDEF	255	0	0	0	0	0	0	0	0	0	0	0	100	0	0	\N
227917	397	0	-738	-197	-23.9979	0	0	0	IT10724_ACTORDEF	255	0	0	0	0	0	0	0	0	0	0	0	100	0	0	\N
227918	397	0	-697	-314	-13.9083	0	0	0	IT10724_ACTORDEF	255	0	0	0	0	0	0	0	0	0	0	0	100	0	0	\N
227919	397	0	-733	-70	-14.3871	0	0	0	IT10724_ACTORDEF	255	0	0	0	0	0	0	0	0	0	0	0	100	0	0	\N
227920	397	0	1052	-872	92	32	0	0	IT10805_ACTORDEF	19	0	0	0	0	0	0	0	0	0	0	0	100	0	0	\N
227925	403	0	968	-1523	373	86	0	0	IT10714_ACTORDEF	53	0	0	0	0	0	0	0	0	0	0	0	100	0	0	\N
227926	413	0	185	1252	11.7628	0	0	0	IT401_ACTORDEF	255	0	0	0	0	0	0	0	0	0	0	0	100	0	0	\N
227927	413	0	-209	-644	12.3975	0	0	0	IT401_ACTORDEF	255	0	0	0	0	0	0	0	0	0	0	0	100	0	0	\N
227928	413	0	-672	-521	4	15	0	0	IT63_ACTORDEF	8	0	0	0	0	0	0	0	0	0	0	0	100	0	0	\N
227929	413	0	487	1782	6.62137	0	0	0	IT401_ACTORDEF	255	0	0	0	0	0	0	0	0	0	0	0	100	0	0	\N
227930	413	0	-197	1939	20.3497	0	0	0	IT401_ACTORDEF	255	0	0	0	0	0	0	0	0	0	0	0	100	0	0	\N
227931	413	0	19	112	6.002	0	0	0	IT401_ACTORDEF	255	0	0	0	0	0	0	0	0	0	0	0	100	0	0	\N
227932	413	0	244	-971	-18.998	0	0	0	IT401_ACTORDEF	255	0	0	0	0	0	0	0	0	0	0	0	100	0	0	\N
227933	413	0	-362	-1539	11.3626	0	0	0	IT401_ACTORDEF	255	0	0	0	0	0	0	0	0	0	0	0	100	0	0	\N
227934	413	0	-570	-1677	13.0665	0	0	0	IT401_ACTORDEF	255	0	0	0	0	0	0	0	0	0	0	0	100	0	0	\N
227935	413	0	696	-1698	-18.998	0	0	0	IT401_ACTORDEF	255	0	0	0	0	0	0	0	0	0	0	0	100	0	0	\N
227936	413	0	262	-1984	-8.32074	0	0	0	IT401_ACTORDEF	255	0	0	0	0	0	0	0	0	0	0	0	100	0	0	\N
227937	413	0	696	1941	22.613	0	0	0	IT401_ACTORDEF	255	0	0	0	0	0	0	0	0	0	0	0	100	0	0	\N
227938	413	0	282	1945	5.00156	0	0	0	IT401_ACTORDEF	255	0	0	0	0	0	0	0	0	0	0	0	100	0	0	\N
227939	413	0	-590	732	1.002	0	0	0	IT401_ACTORDEF	255	0	0	0	0	0	0	0	0	0	0	0	100	0	0	\N
227940	413	0	-595	-1546	1.002	0	0	0	IT401_ACTORDEF	255	0	0	0	0	0	0	0	0	0	0	0	100	0	0	\N
227941	413	0	748	-1986	-18.998	0	0	0	IT401_ACTORDEF	255	0	0	0	0	0	0	0	0	0	0	0	100	0	0	\N
227942	413	0	-202	-1737	12.4839	0	0	0	IT401_ACTORDEF	255	0	0	0	0	0	0	0	0	0	0	0	100	0	0	\N
227943	413	0	-297	-1748	8.61964	0	0	0	IT401_ACTORDEF	255	0	0	0	0	0	0	0	0	0	0	0	100	0	0	\N
227944	413	0	-505	1964	17.5339	0	0	0	IT401_ACTORDEF	255	0	0	0	0	0	0	0	0	0	0	0	100	0	0	\N
227945	413	0	611	1846	-6.05031	0	0	0	IT401_ACTORDEF	255	0	0	0	0	0	0	0	0	0	0	0	100	0	0	\N
227946	413	0	-422	-246	10.3163	0	0	0	IT401_ACTORDEF	255	0	0	0	0	0	0	0	0	0	0	0	100	0	0	\N
227947	413	0	722	310	6.002	0	0	0	IT401_ACTORDEF	255	0	0	0	0	0	0	0	0	0	0	0	100	0	0	\N
227948	413	0	-418	-1584	5.57391	0	0	0	IT401_ACTORDEF	255	0	0	0	0	0	0	0	0	0	0	0	100	0	0	\N
227949	413	0	992	-1557	6.002	0	0	0	IT401_ACTORDEF	255	0	0	0	0	0	0	0	0	0	0	0	100	0	0	\N
227950	413	0	-499	-1662	1.002	0	0	0	IT401_ACTORDEF	255	0	0	0	0	0	0	0	0	0	0	0	100	0	0	\N
227951	413	0	259	-1996	-15.4445	0	0	0	IT401_ACTORDEF	255	0	0	0	0	0	0	0	0	0	0	0	100	0	0	\N
227952	413	0	885	306	13.2093	0	0	0	IT401_ACTORDEF	255	0	0	0	0	0	0	0	0	0	0	0	100	0	0	\N
227953	413	0	174	1095	10.2488	0	0	0	IT401_ACTORDEF	255	0	0	0	0	0	0	0	0	0	0	0	100	0	0	\N
227954	413	0	378	-1667	-18.7743	0	0	0	IT401_ACTORDEF	255	0	0	0	0	0	0	0	0	0	0	0	100	0	0	\N
227955	413	0	945	-1580	-17.4149	0	0	0	IT401_ACTORDEF	255	0	0	0	0	0	0	0	0	0	0	0	100	0	0	\N
227956	413	0	300	-1581	6.002	0	0	0	IT401_ACTORDEF	255	0	0	0	0	0	0	0	0	0	0	0	100	0	0	\N
227957	413	0	988	-1731	6.1634	0	0	0	IT401_ACTORDEF	255	0	0	0	0	0	0	0	0	0	0	0	100	0	0	\N
227958	413	0	-516	1855	-3.63467	0	0	0	IT401_ACTORDEF	255	0	0	0	0	0	0	0	0	0	0	0	100	0	0	\N
227959	413	0	593	1897	5.34775	0	0	0	IT401_ACTORDEF	255	0	0	0	0	0	0	0	0	0	0	0	100	0	0	\N
227960	413	0	345	366	-1.76256	0	0	0	IT401_ACTORDEF	255	0	0	0	0	0	0	0	0	0	0	0	100	0	0	\N
227961	413	0	163	-294	5.91086	0	0	0	IT401_ACTORDEF	255	0	0	0	0	0	0	0	0	0	0	0	100	0	0	\N
227962	413	0	200	-1630	-6.76106	0	0	0	IT401_ACTORDEF	255	0	0	0	0	0	0	0	0	0	0	0	100	0	0	\N
227963	413	0	200	-1593	5.97189	0	0	0	IT401_ACTORDEF	255	0	0	0	0	0	0	0	0	0	0	0	100	0	0	\N
227964	413	0	-615	-1596	7.03985	0	0	0	IT401_ACTORDEF	255	0	0	0	0	0	0	0	0	0	0	0	100	0	0	\N
227965	413	0	448	-1702	-18.998	0	0	0	IT401_ACTORDEF	255	0	0	0	0	0	0	0	0	0	0	0	100	0	0	\N
227966	413	0	-590	1846	-18.724	0	0	0	IT401_ACTORDEF	255	0	0	0	0	0	0	0	0	0	0	0	100	0	0	\N
227967	413	0	-604	1963	6.79503	0	0	0	IT401_ACTORDEF	255	0	0	0	0	0	0	0	0	0	0	0	100	0	0	\N
227968	413	0	-618	1758	5.40684	0	0	0	IT401_ACTORDEF	255	0	0	0	0	0	0	0	0	0	0	0	100	0	0	\N
227969	413	0	-30	1944	3.67432	0	0	0	IT401_ACTORDEF	255	0	0	0	0	0	0	0	0	0	0	0	100	0	0	\N
227970	413	0	880	-1322	1.002	0	0	0	IT401_ACTORDEF	255	0	0	0	0	0	0	0	0	0	0	0	100	0	0	\N
227971	413	0	394	-2070	6.002	0	0	0	IT401_ACTORDEF	255	0	0	0	0	0	0	0	0	0	0	0	100	0	0	\N
227972	413	0	344	-1899	-15.7598	0	0	0	IT401_ACTORDEF	255	0	0	0	0	0	0	0	0	0	0	0	100	0	0	\N
227973	413	0	-941	-1748	5.45308	0	0	0	IT401_ACTORDEF	255	0	0	0	0	0	0	0	0	0	0	0	100	0	0	\N
227974	413	0	-527	-1596	2.77563	0	0	0	IT401_ACTORDEF	255	0	0	0	0	0	0	0	0	0	0	0	100	0	0	\N
227975	417	0	-415.41	-142.28	-173.27	254	0	0	IT11031_ACTORDEF	255	0	0	0	0	0	0	0	0	0	0	0	100	0	0	\N
227976	417	0	-633.4	1.67	-173.31	494	0	0	IT11050_ACTORDEF	255	0	0	0	0	0	0	0	0	0	0	0	100	0	0	\N
227977	417	0	-521.64	-81.05	-174	255	0	0	IT10806_ACTORDEF	255	0	0	0	0	0	0	0	0	0	0	0	100	0	0	\N
227978	417	0	-590.81	-55.85	-178.16	233	0	0	IT10807_ACTORDEF	255	0	0	0	0	0	0	0	0	0	0	0	100	0	0	\N
227979	417	0	-628.2	-134.29	-174.29	357	0	0	IT10808_ACTORDEF	255	0	0	0	0	0	0	0	0	0	0	0	100	0	0	\N
227980	417	0	-444.67	-55.21	-173.27	478	0	0	IT10959_ACTORDEF	255	0	0	0	0	0	0	0	0	0	0	0	100	0	0	\N
227981	417	0	-521.9	49.64	-173.3	58	0	0	IT10511_ACTORDEF	3	0	0	0	0	0	0	0	0	0	0	0	100	0	0	\N
227982	417	0	-408.63	3.09	-173.29	126	0	0	IT10510_ACTORDEF	255	0	0	0	0	0	0	0	0	0	0	0	100	0	0	\N
227983	417	0	-407.16	72.54	-173.29	1	0	0	IT10509_ACTORDEF	255	0	0	0	0	0	0	0	0	0	0	0	100	0	0	\N
227984	423	0	2632	1712	456	0	0	0	IT11058_ACTORDEF	255	0	0	0	0	0	0	0	0	0	0	0	100	0	0	\N
227985	423	0	3388	3592	389	0	0	0	IT11058_ACTORDEF	255	0	0	0	0	0	0	0	0	0	0	0	100	0	0	\N
227986	448	0	-465	-896	8	0	0	0	IT11258_ACTORDEF	255	0	0	0	0	0	0	0	0	0	0	0	100	0	0	\N
227987	445	0	-233	1011	-42	264	0	0	IT10686_ACTORDEF	255	0	0	0	0	0	0	0	0	0	0	0	100	0	0	\N
227988	445	0	540	680	91	259	0	0	IT10804_ACTORDEF	17	0	0	0	0	0	0	0	0	0	0	0	100	0	0	\N
227989	445	0	-308	912	-43	503	0	0	IT10686_ACTORDEF	255	0	0	0	0	0	0	0	0	0	0	0	100	0	0	\N
227990	445	0	-296	909	-43	49	0	0	IT10686_ACTORDEF	255	0	0	0	0	0	0	0	0	0	0	0	100	0	0	\N
227991	445	0	-297	917	-43	501	0	0	IT10686_ACTORDEF	255	0	0	0	0	0	0	0	0	0	0	0	100	0	0	\N
227992	445	0	-241	1001	-45	298	0	0	IT10686_ACTORDEF	255	0	0	0	0	0	0	0	0	0	0	0	100	0	0	\N
227993	445	0	-234	1001	-45	182	0	0	IT10686_ACTORDEF	255	0	0	0	0	0	0	0	0	0	0	0	100	0	0	\N
227994	445	0	-54	870	-42	505	0	0	IT10686_ACTORDEF	255	0	0	0	0	0	0	0	0	0	0	0	100	0	0	\N
227995	445	0	-63	868	-42	383	0	0	IT10686_ACTORDEF	255	0	0	0	0	0	0	0	0	0	0	0	100	0	0	\N
227996	445	0	-66	873	-43	441	0	0	IT10686_ACTORDEF	255	0	0	0	0	0	0	0	0	0	0	0	100	0	0	\N
227997	447	0	-309	90	3	144	0	0	IT11062_ACTORDEF	255	0	0	0	0	0	0	0	0	0	0	0	100	0	0	\N
227998	447	0	-43	286	-240	0	0	0	IT11062_ACTORDEF	255	0	0	0	0	0	0	0	0	0	0	0	100	0	0	\N
227999	447	0	-166	-837	-375	14	0	0	IT11062_ACTORDEF	255	0	0	0	0	0	0	0	0	0	0	0	100	0	0	\N
228000	447	0	17	270	-554	4	0	0	IT11062_ACTORDEF	255	0	0	0	0	0	0	0	0	0	0	0	100	0	0	\N
228001	444	0	-503	1578	43	400	0	0	IT10945_ACTORDEF	255	0	0	0	0	0	0	0	0	0	0	0	100	0	0	\N
228002	444	0	2002	449	6	0	0	0	IT11261_ACTORDEF	255	0	0	0	0	0	0	0	0	0	0	0	100	0	0	\N
228003	444	0	1825	1210	85	195	0	0	IT10945_ACTORDEF	255	0	0	0	0	0	0	0	0	0	0	0	100	0	0	\N
228004	444	0	1305	435	56	8	0	0	IT10945_ACTORDEF	255	0	0	0	0	0	0	0	0	0	0	0	100	0	0	\N
228005	444	0	1922	193	12	113	0	0	IT10945_ACTORDEF	255	0	0	0	0	0	0	0	0	0	0	0	100	0	0	\N
228006	444	0	1572	166	19	157	0	0	IT10945_ACTORDEF	255	0	0	0	0	0	0	0	0	0	0	0	100	0	0	\N
228007	444	0	979	522	38	134	0	0	IT10945_ACTORDEF	255	0	0	0	0	0	0	0	0	0	0	0	100	0	0	\N
228008	444	0	669	846	41	177	0	0	IT10945_ACTORDEF	255	0	0	0	0	0	0	0	0	0	0	0	100	0	0	\N
228009	444	0	112	1375	53	178	0	0	IT10945_ACTORDEF	255	0	0	0	0	0	0	0	0	0	0	0	100	0	0	\N
228010	444	0	-389	1314	29	264	0	0	IT10106_ACTORDEF	255	0	0	0	0	0	0	0	0	0	0	0	100	0	0	\N
228011	444	0	-498	1495	30	212	0	0	IT10106_ACTORDEF	255	0	0	0	0	0	0	0	0	0	0	0	100	0	0	\N
228012	444	0	-166	1395	30	360	0	0	IT10106_ACTORDEF	255	0	0	0	0	0	0	0	0	0	0	0	100	0	0	\N
228013	444	0	-40	1047	32	230	0	0	IT10106_ACTORDEF	255	0	0	0	0	0	0	0	0	0	0	0	100	0	0	\N
228014	444	0	-544	396	54	30	0	0	IT10106_ACTORDEF	255	0	0	0	0	0	0	0	0	0	0	0	100	0	0	\N
228015	444	0	-394	112	54	6	0	0	IT10106_ACTORDEF	255	0	0	0	0	0	0	0	0	0	0	0	100	0	0	\N
228016	444	0	-535	112	53	78	0	0	IT10106_ACTORDEF	255	0	0	0	0	0	0	0	0	0	0	0	100	0	0	\N
228017	444	0	-614	255	53	237	0	0	IT10106_ACTORDEF	255	0	0	0	0	0	0	0	0	0	0	0	100	0	0	\N
228018	444	0	-927	-318	-662	374	0	0	IT11068_ACTORDEF	255	0	0	0	0	0	0	0	0	0	0	0	100	0	0	\N
228019	444	0	-1063	-357	-652	11	0	0	IT11068_ACTORDEF	255	0	0	0	0	0	0	0	0	0	0	0	100	0	0	\N
228020	444	0	-1244	-738	-671	27	0	0	IT11068_ACTORDEF	255	0	0	0	0	0	0	0	0	0	0	0	100	0	0	\N
228021	444	0	-1386	-873	-643	297	0	0	IT11068_ACTORDEF	255	0	0	0	0	0	0	0	0	0	0	0	100	0	0	\N
228022	444	0	-1470	-543	-645	156	0	0	IT11068_ACTORDEF	255	0	0	0	0	0	0	0	0	0	0	0	100	0	0	\N
228023	444	0	-1638	32	-663	262	0	0	IT11068_ACTORDEF	255	0	0	0	0	0	0	0	0	0	0	0	100	0	0	\N
228024	444	0	-1603	-121	-654	495	0	0	IT11068_ACTORDEF	255	0	0	0	0	0	0	0	0	0	0	0	100	0	0	\N
228025	443	0	1409	1069	16	0	0	0	IT10601_ACTORDEF	255	0	0	0	0	0	0	0	0	0	0	0	100	0	0	\N
228026	443	0	2005	1046	13	0	0	0	IT10602_ACTORDEF	255	0	0	0	0	0	0	0	0	0	0	0	100	0	0	\N
228027	443	0	2882	2455	343	0	0	0	IT11262_ACTORDEF	255	0	0	0	0	0	0	0	0	0	0	0	100	0	0	\N
228028	438	0	133	44	89	45	0	0	IT10831_ACTORDEF	255	0	0	0	0	0	0	0	0	0	0	0	100	0	0	\N
228029	419	0	9.2	1383	361.5	0	0	0	IT10645_ACTORDEF	255	0	0	0	0	0	0	0	0	0	0	0	100	0	0	\N
228030	419	0	-85.4	1437.5	317	0	0	0	IT65_ACTORDEF	255	0	0	0	0	0	0	0	0	0	0	0	100	0	0	\N
228031	367	0	0	47	-13	256	0	0	IT10724_ACTORDEF	255	0	0	0	0	0	0	0	0	0	0	0	100	0	0	\N
228032	454	0	318	-33	-120	150	0	0	IT10645_ACTORDEF	255	0	0	0	0	0	0	0	0	0	0	0	100	0	0	\N
228033	454	0	318	26	-126	400	0	0	IT10645_ACTORDEF	255	0	0	0	0	0	0	0	0	0	0	0	100	0	0	\N
228034	476	0	345	293	-25	0	0	0	IT537_ACTORDEF	255	0	0	0	0	0	0	0	0	0	0	0	100	0	0	\N
228035	476	0	333	714	-19	0	0	0	IT11208_ACTORDEF	255	0	0	0	0	0	0	0	0	0	0	0	100	0	0	\N
228036	466	0	1014	727	42	423	0	0	IT11338_ACTORDEF	255	0	0	0	0	0	0	0	0	0	0	0	100	0	0	\N
228037	466	0	-993	5022	107	445	0	0	IT10803_ACTORDEF	15	0	0	0	0	0	0	0	0	0	0	0	100	0	0	\N
228038	466	0	-1084	5010	104	322	0	0	IT10804_ACTORDEF	17	0	0	0	0	0	0	0	0	0	0	0	100	0	0	\N
228039	467	0	525.75	-2583.7	7	377	0	0	IT10801_ACTORDEF	22	0	0	0	0	0	0	0	0	0	0	0	100	0	0	\N
228040	467	0	523.8	-2594.56	5	377	0	0	IT10800_ACTORDEF	21	0	0	0	0	0	0	0	0	0	0	0	100	0	0	\N
228041	467	0	599.71	-2467	7	180	0	0	IT10802_ACTORDEF	16	0	0	0	0	0	0	0	0	0	0	0	100	0	0	\N
228042	467	0	528	-2402.73	5	383	0	0	IT10804_ACTORDEF	17	0	0	0	0	0	0	0	0	0	0	0	100	0	0	\N
228043	467	0	621.22	-2808	3	0	0	0	IT11340_ACTORDEF	255	0	0	0	0	0	0	0	0	0	0	0	100	0	0	\N
228044	467	0	320.03	-2667.14	5	185	0	0	IT10804_ACTORDEF	17	0	0	0	0	0	0	0	0	0	0	0	100	0	0	\N
228045	467	0	355.33	-2698.89	5	466	0	0	IT10804_ACTORDEF	17	0	0	0	0	0	0	0	0	0	0	0	100	0	0	\N
228046	467	0	445.229	-2771	5	255	0	0	IT10803_ACTORDEF	15	0	0	0	0	0	0	0	0	0	0	0	100	0	0	\N
228047	472	0	1001.14	1474.78	2.91733	0	0	0	IT10666_ACTORDEF	255	0	0	0	0	0	0	0	0	0	0	0	100	0	0	\N
228048	456	0	-155	-607	2.83	181	0	0	IT_ACTORDEF	255	0	0	0	0	0	0	0	0	0	0	0	100	0	0	\N
228049	456	0	-750	-350	2.96	403	0	0	IT_ACTORDEF	255	0	0	0	0	0	0	0	0	0	0	0	100	0	0	\N
228050	456	0	-446	-256	2.79	409	0	0	IT_ACTORDEF	255	0	0	0	0	0	0	0	0	0	0	0	100	0	0	\N
228051	456	0	125	-925	20.17	126	0	0	IT_ACTORDEF	255	0	0	0	0	0	0	0	0	0	0	0	100	0	0	\N
228052	456	0	-900	-600	83.21	501	0	0	IT_ACTORDEF	255	0	0	0	0	0	0	0	0	0	0	0	100	0	0	\N
228053	456	0	1529.76	430.552	44.6105	-1	0	0	IT63_ACTORDEF	8	0	0	0	0	0	0	0	0	0	0	0	100	0	0	\N
228054	456	0	850.844	-66.4859	29.5931	-1	0	0	IT63_ACTORDEF	8	0	0	0	0	0	0	0	0	0	0	0	100	0	0	\N
228055	456	0	795.383	-62.3923	26.9815	-1	0	0	IT63_ACTORDEF	8	0	0	0	0	0	0	0	0	0	0	0	100	0	0	\N
228056	456	0	1301.12	94.6904	43.4759	-1	0	0	IT63_ACTORDEF	8	0	0	0	0	0	0	0	0	0	0	0	100	0	0	\N
228057	456	0	373.5	523.2	12	-1	0	0	IT11070_ACTORDEF	255	0	0	0	0	0	0	0	0	0	0	0	100	0	0	\N
228058	456	0	260.6	369.4	11	-1	0	0	IT11070_ACTORDEF	255	0	0	0	0	0	0	0	0	0	0	0	100	0	0	\N
228059	456	0	-750.743	331.231	-7.84515	-1	0	0	IT63_ACTORDEF	8	0	0	0	0	0	0	0	0	0	0	0	100	0	0	\N
228060	456	0	1053.5	-1055	5	-1	0	0	IT11070_ACTORDEF	255	0	0	0	0	0	0	0	0	0	0	0	100	0	0	\N
228061	456	0	1152.8	-1044.14	14	-1	0	0	IT11070_ACTORDEF	255	0	0	0	0	0	0	0	0	0	0	0	100	0	0	\N
228062	456	0	1072.3	-840.8	9	-1	0	0	IT11070_ACTORDEF	255	0	0	0	0	0	0	0	0	0	0	0	100	0	0	\N
228063	456	0	2132	151	156	330	0	0	IT10804_ACTORDEF	17	0	0	0	0	0	0	0	0	0	0	0	100	0	0	\N
228064	456	0	414.3	346.6	9	-1	0	0	IT11070_ACTORDEF	255	0	0	0	0	0	0	0	0	0	0	0	100	0	0	\N
228065	456	0	1042	-926.2	5	-1	0	0	IT11070_ACTORDEF	255	0	0	0	0	0	0	0	0	0	0	0	100	0	0	\N
228066	475	0	1217	-548	69	2	0	0	IT10804_ACTORDEF	17	0	0	0	0	0	0	0	0	0	0	0	100	0	0	\N
228067	475	0	1268	-463	69	108	0	0	IT11340_ACTORDEF	255	0	0	0	0	0	0	0	0	0	0	0	100	0	0	\N
228068	475	0	1253	-475	69	114	0	0	IT11338_ACTORDEF	255	0	0	0	0	0	0	0	0	0	0	0	100	0	0	\N
228069	475	0	1175	-542	69	122	0	0	IT10802_ACTORDEF	16	0	0	0	0	0	0	0	0	0	0	0	100	0	0	\N
228070	475	0	1136	-522	69	110	0	0	IT10800_ACTORDEF	21	0	0	0	0	0	0	0	0	0	0	0	100	0	0	\N
228071	475	0	1136.5	-535	69	365	0	0	IT10801_ACTORDEF	22	0	0	0	0	0	0	0	0	0	0	0	100	0	0	\N
228072	475	0	1254.81	-1302.08	287.3	255	0	0	IT63_ACTORDEF	8	0	0	0	0	0	0	0	0	0	0	0	100	0	0	\N
228073	480	0	-64.74	-546.49	27.86	511	0	0	IT11061_ACTORDEF	255	0	0	0	0	0	0	0	0	0	0	0	100	0	0	\N
228074	480	0	49	-268.57	-1.96	471	0	0	IT11061_ACTORDEF	255	0	0	0	0	0	0	0	0	0	0	0	100	0	0	\N
228075	480	0	517.31	-139.9	14.33	93	0	0	IT11061_ACTORDEF	255	0	0	0	0	0	0	0	0	0	0	0	100	0	0	\N
228076	480	0	-37.57	-441.9	14.17	386	0	0	IT11061_ACTORDEF	255	0	0	0	0	0	0	0	0	0	0	0	100	0	0	\N
228077	480	0	55.27	-492.33	17.83	66	0	0	IT11061_ACTORDEF	255	0	0	0	0	0	0	0	0	0	0	0	100	0	0	\N
228078	480	0	65.9	-483.55	20.51	84	0	0	IT11061_ACTORDEF	255	0	0	0	0	0	0	0	0	0	0	0	100	0	0	\N
228079	480	0	157.19	-495.96	14.59	498	0	0	IT11061_ACTORDEF	255	0	0	0	0	0	0	0	0	0	0	0	100	0	0	\N
228080	480	0	297.04	-310.28	21.7	65	0	0	IT11061_ACTORDEF	255	0	0	0	0	0	0	0	0	0	0	0	100	0	0	\N
228081	480	0	77.54	-637.13	34.89	439	0	0	IT11061_ACTORDEF	255	0	0	0	0	0	0	0	0	0	0	0	100	0	0	\N
228082	480	0	45.93	-204.6	0.03	133	0	0	IT11061_ACTORDEF	255	0	0	0	0	0	0	0	0	0	0	0	100	0	0	\N
228083	480	0	522.6	-19.99	14.39	23	0	0	IT11061_ACTORDEF	255	0	0	0	0	0	0	0	0	0	0	0	100	0	0	\N
228084	480	0	808.79	-85.39	29.1	84	0	0	IT11061_ACTORDEF	255	0	0	0	0	0	0	0	0	0	0	0	100	0	0	\N
228085	480	0	707.97	-171.37	35.12	225	0	0	IT11061_ACTORDEF	255	0	0	0	0	0	0	0	0	0	0	0	100	0	0	\N
228086	480	0	421.57	-678.21	56.9	299	0	0	IT11061_ACTORDEF	255	0	0	0	0	0	0	0	0	0	0	0	100	0	0	\N
228087	480	0	449.47	-640.63	58.46	324	0	0	IT11061_ACTORDEF	255	0	0	0	0	0	0	0	0	0	0	0	100	0	0	\N
228088	480	0	41.14	-66.68	-14.73	479	0	0	IT11061_ACTORDEF	255	0	0	0	0	0	0	0	0	0	0	0	100	0	0	\N
228089	480	0	549.78	-761.59	73.32	343	0	0	IT11061_ACTORDEF	255	0	0	0	0	0	0	0	0	0	0	0	100	0	0	\N
228090	480	0	530.41	-387.57	41.29	376	0	0	IT11061_ACTORDEF	255	0	0	0	0	0	0	0	0	0	0	0	100	0	0	\N
228091	480	0	13	502.8	155	512	0	0	IT10801_ACTORDEF	22	0	0	0	0	0	0	0	0	0	0	0	100	0	0	\N
228092	480	0	578	-14	17	449	0	0	IT10864_ACTORDEF	17	0	0	0	0	0	0	0	0	0	0	0	100	0	0	\N
228093	480	0	661	-45	17	256	0	0	IT10805_ACTORDEF	19	0	0	0	0	0	0	0	0	0	0	0	100	0	0	\N
228094	480	0	666	-81	17	426	0	0	IT10800_ACTORDEF	21	0	0	0	0	0	0	0	0	0	0	0	100	0	0	\N
228095	480	0	721	-118	17	313	0	0	IT11543_ACTORDEF	255	0	0	0	0	0	0	0	0	0	0	0	100	0	0	\N
228096	480	0	730	-102	17	168	0	0	IT11542_ACTORDEF	255	0	0	0	0	0	0	0	0	0	0	0	100	0	0	\N
228097	480	0	677	-1	17	22	0	0	IT10802_ACTORDEF	16	0	0	0	0	0	0	0	0	0	0	0	100	0	0	\N
228098	480	0	537	-3	13	443	0	0	IT10801_ACTORDEF	22	0	0	0	0	0	0	0	0	0	0	0	100	0	0	\N
228099	480	0	602	-57	17	259	0	0	IT11338_ACTORDEF	255	0	0	0	0	0	0	0	0	0	0	0	100	0	0	\N
228100	480	0	-576	-140	11	428	0	0	IT10864_ACTORDEF	17	0	0	0	0	0	0	0	0	0	0	0	100	0	0	\N
228101	480	0	-635	-93	10	488	0	0	IT10805_ACTORDEF	19	0	0	0	0	0	0	0	0	0	0	0	100	0	0	\N
228102	480	0	-605	-142	12	433	0	0	IT10800_ACTORDEF	21	0	0	0	0	0	0	0	0	0	0	0	100	0	0	\N
228103	480	0	-543	-79	7	18	0	0	IT11543_ACTORDEF	255	0	0	0	0	0	0	0	0	0	0	0	100	0	0	\N
228104	480	0	-556	-90	7	505	0	0	IT11542_ACTORDEF	255	0	0	0	0	0	0	0	0	0	0	0	100	0	0	\N
228105	480	0	-639	-53	7	238	0	0	IT10802_ACTORDEF	16	0	0	0	0	0	0	0	0	0	0	0	100	0	0	\N
228106	480	0	-468	30	2	159	0	0	IT10801_ACTORDEF	22	0	0	0	0	0	0	0	0	0	0	0	100	0	0	\N
228107	480	0	-514	-51	3	79	0	0	IT11338_ACTORDEF	255	0	0	0	0	0	0	0	0	0	0	0	100	0	0	\N
228108	480	0	280.54	-127.34	-6.54	235	0	0	IT11061_ACTORDEF	255	0	0	0	0	0	0	0	0	0	0	0	100	0	0	\N
228109	480	0	216.99	-252.79	-1.36	443	0	0	IT11061_ACTORDEF	255	0	0	0	0	0	0	0	0	0	0	0	100	0	0	\N
228110	480	0	-104.4	-256.41	9.19	419	0	0	IT11061_ACTORDEF	255	0	0	0	0	0	0	0	0	0	0	0	100	0	0	\N
228111	480	0	-53.53	-632.15	36.82	390	0	0	IT11061_ACTORDEF	255	0	0	0	0	0	0	0	0	0	0	0	100	0	0	\N
228112	480	0	28.03	-619.85	39.61	356	0	0	IT11061_ACTORDEF	255	0	0	0	0	0	0	0	0	0	0	0	100	0	0	\N
228113	480	0	272.22	-603.45	40.73	305	0	0	IT11061_ACTORDEF	255	0	0	0	0	0	0	0	0	0	0	0	100	0	0	\N
228114	483	0	649.24	-688.59	-211.14	44	0	0	IT11061_ACTORDEF	255	0	0	0	0	0	0	0	0	0	0	0	100	0	0	\N
228115	483	0	547.95	-722.53	-213.37	49	0	0	IT11061_ACTORDEF	255	0	0	0	0	0	0	0	0	0	0	0	100	0	0	\N
228116	483	0	172.4	-754.08	-195.04	272	0	0	IT11061_ACTORDEF	255	0	0	0	0	0	0	0	0	0	0	0	100	0	0	\N
228117	483	0	15.13	-8.78	7.07	226	0	0	IT11061_ACTORDEF	255	0	0	0	0	0	0	0	0	0	0	0	100	0	0	\N
228118	483	0	-17.03	-86.44	7.31	288	0	0	IT11061_ACTORDEF	255	0	0	0	0	0	0	0	0	0	0	0	100	0	0	\N
228119	483	0	98.04	-222.51	7.36	202	0	0	IT11061_ACTORDEF	255	0	0	0	0	0	0	0	0	0	0	0	100	0	0	\N
228120	483	0	29.51	-108.32	7.31	149	0	0	IT11061_ACTORDEF	255	0	0	0	0	0	0	0	0	0	0	0	100	0	0	\N
228121	483	0	303.62	-140.87	25.64	320	0	0	IT11061_ACTORDEF	255	0	0	0	0	0	0	0	0	0	0	0	100	0	0	\N
228122	483	0	354.14	-88.8	25.96	152	0	0	IT11061_ACTORDEF	255	0	0	0	0	0	0	0	0	0	0	0	100	0	0	\N
228123	483	0	307.72	-76.27	25.54	53	0	0	IT11061_ACTORDEF	255	0	0	0	0	0	0	0	0	0	0	0	100	0	0	\N
228124	483	0	-57.49	-466.63	25.58	331	0	0	IT11061_ACTORDEF	255	0	0	0	0	0	0	0	0	0	0	0	100	0	0	\N
228125	483	0	-54.29	-531.8	25.47	252	0	0	IT11061_ACTORDEF	255	0	0	0	0	0	0	0	0	0	0	0	100	0	0	\N
228126	483	0	-345.1	-214.95	21.93	374	0	0	IT11061_ACTORDEF	255	0	0	0	0	0	0	0	0	0	0	0	100	0	0	\N
228127	483	0	-296.95	-230.16	21.92	363	0	0	IT11061_ACTORDEF	255	0	0	0	0	0	0	0	0	0	0	0	100	0	0	\N
228128	483	0	64.9	-790.51	-191	63	0	0	IT10805_ACTORDEF	19	0	0	0	0	0	0	0	0	0	0	0	100	0	0	\N
228129	483	0	423.92	-1008.23	-221	431	0	0	IT10805_ACTORDEF	19	0	0	0	0	0	0	0	0	0	0	0	100	0	0	\N
228130	483	0	403.37	-1027.17	-221	496	0	0	IT10805_ACTORDEF	19	0	0	0	0	0	0	0	0	0	0	0	100	0	0	\N
228131	483	0	-1016.93	-641.7	-213.17	486	0	0	IT11061_ACTORDEF	255	0	0	0	0	0	0	0	0	0	0	0	100	0	0	\N
228132	483	0	-992.78	-677.92	-213.17	92	0	0	IT11061_ACTORDEF	255	0	0	0	0	0	0	0	0	0	0	0	100	0	0	\N
228133	483	0	-1009.98	-688.58	-213.17	129	0	0	IT11061_ACTORDEF	255	0	0	0	0	0	0	0	0	0	0	0	100	0	0	\N
228134	483	0	-1112.82	-1200.78	-215.07	156	0	0	IT11061_ACTORDEF	255	0	0	0	0	0	0	0	0	0	0	0	100	0	0	\N
228135	483	0	-1182.01	-1153.41	-215.07	316	0	0	IT11061_ACTORDEF	255	0	0	0	0	0	0	0	0	0	0	0	100	0	0	\N
228136	483	0	-789.11	-1107.94	-216.36	331	0	0	IT11061_ACTORDEF	255	0	0	0	0	0	0	0	0	0	0	0	100	0	0	\N
228137	483	0	-269.67	-1030.46	-212.17	398	0	0	IT11061_ACTORDEF	255	0	0	0	0	0	0	0	0	0	0	0	100	0	0	\N
228138	483	0	61.73	-1327.32	-212.22	120	0	0	IT11061_ACTORDEF	255	0	0	0	0	0	0	0	0	0	0	0	100	0	0	\N
228139	483	0	25.88	-1367.3	-212.39	148	0	0	IT11061_ACTORDEF	255	0	0	0	0	0	0	0	0	0	0	0	100	0	0	\N
228140	483	0	-4.35	-1245.04	-212.41	354	0	0	IT11061_ACTORDEF	255	0	0	0	0	0	0	0	0	0	0	0	100	0	0	\N
228141	483	0	456.98	-1072.82	-211.75	243	0	0	IT11061_ACTORDEF	255	0	0	0	0	0	0	0	0	0	0	0	100	0	0	\N
228142	485	0	1614.42	1682.33	269.635	0	0	0	IT10808_ACTORDEF	255	0	0	0	0	0	0	0	0	0	0	0	100	0	0	\N
228147	27	0	-64.5	2253.3	73	159	0	0	IT10714_ACTORDEF	53	0	0	0	0	0	0	0	0	0	0	0	100	0	0	\N
228148	345	1	0	64	2	255	0	0	IT10714_ACTORDEF	53	0	0	0	0	0	0	0	0	0	0	0	100	0	0	\N
228149	345	1	93	-17	0	0	0	0	IT10800_ACTORDEF	21	0	0	0	0	0	0	0	0	0	0	0	100	0	0	\N
228150	345	1	86	-66	0	0	0	0	IT10803_ACTORDEF	15	0	0	0	0	0	0	0	0	0	0	0	100	0	0	\N
228151	345	1	98	64	0	0	0	0	IT10802_ACTORDEF	16	0	0	0	0	0	0	0	0	0	0	0	100	0	0	\N
228152	345	1	89	17	0	0	0	0	IT10801_ACTORDEF	22	0	0	0	0	0	0	0	0	0	0	0	100	0	0	\N
228153	345	1	113	-52	0	0	0	0	IT10804_ACTORDEF	17	0	0	0	0	0	0	0	0	0	0	0	100	0	0	\N
228154	345	1	123	32	0	0	0	0	IT10805_ACTORDEF	19	0	0	0	0	0	0	0	0	0	0	0	100	0	0	\N
228155	394	0	-1614.06	-1242.72	33.6	328	0	0	IT10714_ACTORDEF	53	0	0	0	0	0	0	0	0	0	0	0	100	0	0	\N
228156	394	0	1065.6	414.65	329.83	105	0	0	IT10864_ACTORDEF	17	0	0	0	0	0	0	0	0	0	0	0	100	0	0	\N
228157	394	0	-1462	-1201	11	256	0	0	IT10800_ACTORDEF	21	0	0	0	0	0	0	0	0	0	0	0	100	0	0	\N
228158	394	0	-1510	-1201	11	0	0	0	IT10800_ACTORDEF	21	0	0	0	0	0	0	0	0	0	0	0	100	0	0	\N
228159	394	0	-1550.38	-1469.11	31	128	0	0	IT10865_ACTORDEF	15	0	0	0	0	0	0	0	0	0	0	0	100	0	0	\N
228160	394	0	-1527.14	-1469.11	31	128	0	0	IT10865_ACTORDEF	15	0	0	0	0	0	0	0	0	0	0	0	100	0	0	\N
228161	394	0	-1502	-1430	31	384	0	0	IT10802_ACTORDEF	16	0	0	0	0	0	0	0	0	0	0	0	100	0	0	\N
228162	394	0	-1502	-1470	31	249	0	0	IT10802_ACTORDEF	16	0	0	0	0	0	0	0	0	0	0	0	100	0	0	\N
228163	394	0	-1449	-1200	11	0	0	0	IT10801_ACTORDEF	22	0	0	0	0	0	0	0	0	0	0	0	100	0	0	\N
228164	394	0	-1521	-1200	11	0	0	0	IT10801_ACTORDEF	22	0	0	0	0	0	0	0	0	0	0	0	100	0	0	\N
228165	394	0	-1513.35	-1096.09	10.0569	387	98306	0	IT10864_ACTORDEF	17	1115	0	0	0	0	0	0	0	0	0	0	100	0	0	Crystalwing Forge
228166	394	0	-1453.69	-1097.12	11	378	0	0	IT10864_ACTORDEF	17	0	0	0	0	0	0	0	0	0	0	0	100	0	0	\N
228167	394	0	-1485.52	-1088.52	11	381	0	0	IT10863_ACTORDEF	17	0	0	0	0	0	0	0	0	0	0	0	100	0	0	\N
228168	394	0	-1526.07	-1046.04	26	381	0	0	IT10863_ACTORDEF	17	0	0	0	0	0	0	0	0	0	0	0	100	0	0	\N
228169	394	0	-1444.61	-1046.04	26	381	0	0	IT10863_ACTORDEF	17	0	0	0	0	0	0	0	0	0	0	0	100	0	0	\N
228170	394	0	-1644	-1167	-57	83	0	0	IT10805_ACTORDEF	19	0	0	0	0	0	0	0	0	0	0	0	100	0	0	\N
228171	394	0	-1606	-1146	-90	214	0	0	IT10805_ACTORDEF	19	0	0	0	0	0	0	0	0	0	0	0	100	0	0	\N
228172	489	0	201	-1422	-97	108	0	0	IT11340_ACTORDEF	255	0	0	0	0	0	0	0	0	0	0	0	100	0	0	\N
228173	491	0	289.796	-1059.91	-76.3347	0	0	0	IT63_ACTORDEF	8	0	0	0	0	0	0	0	0	0	0	0	100	0	0	\N
228174	491	0	273.272	-1066.29	-76.3253	0	0	0	IT63_ACTORDEF	8	0	0	0	0	0	0	0	0	0	0	0	100	0	0	\N
228175	491	0	273.272	-1066.29	-76.3253	0	0	0	IT63_ACTORDEF	8	0	0	0	0	0	0	0	0	0	0	0	100	0	0	\N
228176	491	0	289.796	-1059.91	-76.3347	0	0	0	IT63_ACTORDEF	8	0	0	0	0	0	0	0	0	0	0	0	100	0	0	\N
228177	491	0	295.939	203.729	-10.3356	0	0	0	IT63_ACTORDEF	8	0	0	0	0	0	0	0	0	0	0	0	100	0	0	\N
228178	491	0	295.942	203.729	-10.3352	0	0	0	IT63_ACTORDEF	8	0	0	0	0	0	0	0	0	0	0	0	100	0	0	\N
228179	491	0	876.484	-1906.53	-76.3711	0	0	0	IT63_ACTORDEF	8	0	0	0	0	0	0	0	0	0	0	0	100	0	0	\N
228180	491	0	876.484	-1906.53	-74.6794	0	0	0	IT11061_ACTORDEF	255	0	0	0	0	0	0	0	0	0	0	0	100	0	0	\N
228181	491	0	846.83	-1920.28	-76.1618	0	0	0	IT63_ACTORDEF	8	0	0	0	0	0	0	0	0	0	0	0	100	0	0	\N
228182	491	0	850.351	-1918.92	-76.2702	0	0	0	IT63_ACTORDEF	8	0	0	0	0	0	0	0	0	0	0	0	100	0	0	\N
228183	712	0	2116.2	-2819.83	3.74	170	0	0	IT11541_ACTORDEF	255	0	0	0	0	0	0	0	0	0	0	0	100	0	0	\N
228184	712	0	2104.69	-2836.63	3.74	172	0	0	IT11539_ACTORDEF	255	0	0	0	0	0	0	0	0	0	0	0	100	0	0	\N
228185	712	0	2115.77	-2804.95	3.74	226	0	0	IT10800_ACTORDEF	21	0	0	0	0	0	0	0	0	0	0	0	100	0	0	\N
228186	712	0	2113	-2787.52	3.74	350	0	0	IT10803_ACTORDEF	15	0	0	0	0	0	0	0	0	0	0	0	100	0	0	\N
228187	712	0	2078.26	-2745.46	3.74	212	0	0	IT10802_ACTORDEF	16	0	0	0	0	0	0	0	0	0	0	0	100	0	0	\N
228188	712	0	2059.77	-2740.52	3.74	28	0	0	IT10801_ACTORDEF	22	0	0	0	0	0	0	0	0	0	0	0	100	0	0	\N
228189	712	0	2043.88	-2738.01	3.74	231	0	0	IT10804_ACTORDEF	17	0	0	0	0	0	0	0	0	0	0	0	100	0	0	\N
228190	712	0	2025.68	-2743.24	3.74	485	0	0	IT11542_ACTORDEF	255	0	0	0	0	0	0	0	0	0	0	0	100	0	0	\N
228191	712	0	2011.93	-2756.81	3.74	40	0	0	IT11543_ACTORDEF	255	0	0	0	0	0	0	0	0	0	0	0	100	0	0	\N
228192	712	0	2006.55	-2769.79	3.74	296	0	0	IT11340_ACTORDEF	255	0	0	0	0	0	0	0	0	0	0	0	100	0	0	\N
228193	706	0	42.699	-893.359	28	385	0	0	IT11631_ACTORDEF	255	0	0	0	0	0	0	0	0	0	0	0	100	0	0	\N
228194	700	0	141	1208	56	329	0	0	IT11539_ACTORDEF	255	0	0	0	0	0	0	0	0	0	0	0	100	0	0	\N
228195	700	0	141	1208	56	329	0	0	IT11539_ACTORDEF	255	0	0	0	0	0	0	0	0	0	0	0	100	0	0	\N
228196	703	0	-855.748	-522.305	-130.694	0	0	0	IT63_ACTORDEF	8	0	0	0	0	0	0	0	0	0	0	0	100	0	0	\N
228197	710	0	335	-107	-42	38	0	0	IT11424_ACTORDEF	255	0	0	0	0	0	0	0	0	0	0	0	100	0	0	\N
228198	710	0	335	-107	-42	38	0	0	IT11424_ACTORDEF	255	0	0	0	0	0	0	0	0	0	0	0	100	0	0	\N
228199	710	0	335	-107	-42	38	0	0	IT11424_ACTORDEF	255	0	0	0	0	0	0	0	0	0	0	0	100	0	0	\N
228200	708	0	518	-333	-21	201	0	0	IT11159_ACTORDEF	255	0	0	0	0	0	0	0	0	0	0	0	100	0	0	\N
228201	708	0	260	-216	-22	180	0	0	IT10536_ACTORDEF	255	0	0	0	0	0	0	0	0	0	0	0	100	0	0	\N
228202	708	0	184	-294	-21	187	0	0	IT10808_ACTORDEF	255	0	0	0	0	0	0	0	0	0	0	0	100	0	0	\N
228203	708	0	60	-353	-21	454	0	0	IT11436_ACTORDEF	255	0	0	0	0	0	0	0	0	0	0	0	100	0	0	\N
228204	708	0	173	-377	-22	106	0	0	IT11224_ACTORDEF	255	0	0	0	0	0	0	0	0	0	0	0	100	0	0	\N
228205	708	0	329	-407	-22	316	0	0	IT11042_ACTORDEF	255	0	0	0	0	0	0	0	0	0	0	0	100	0	0	\N
228206	708	0	262	-259	-22	217	0	0	IT10625_ACTORDEF	255	0	0	0	0	0	0	0	0	0	0	0	100	0	0	\N
228207	726	0	-143.91	-117.78	-3.99	382	0	0	IT11544_ACTORDEF	255	0	0	0	0	0	0	0	0	0	0	0	100	0	0	\N
228208	726	0	-516.86	-118.64	-3.99	382	0	0	IT11545_ACTORDEF	255	0	0	0	0	0	0	0	0	0	0	0	100	0	0	\N
228209	726	0	-132.49	-213.57	-1.65	245	0	0	IT11547_ACTORDEF	255	0	0	0	0	0	0	0	0	0	0	0	100	0	0	\N
228210	726	0	-156.32	-246.81	-0.37	383	0	0	IT11546_ACTORDEF	255	0	0	0	0	0	0	0	0	0	0	0	100	0	0	\N
228211	726	0	-242.76	113.46	-3.99	129	0	0	IT11543_ACTORDEF	255	0	0	0	0	0	0	0	0	0	0	0	100	0	0	\N
228212	726	0	-188	114	-3.05	511	0	0	IT11541_ACTORDEF	255	0	0	0	0	0	0	0	0	0	0	0	100	0	0	\N
228213	726	0	-208	120	-3.99	179	0	0	IT11539_ACTORDEF	255	0	0	0	0	0	0	0	0	0	0	0	100	0	0	\N
228214	726	0	-412.74	119	-3.99	379	0	0	IT10800_ACTORDEF	21	0	0	0	0	0	0	0	0	0	0	0	100	0	0	\N
228215	726	0	-124	-230	-3.99	498	0	0	IT10803_ACTORDEF	15	0	0	0	0	0	0	0	0	0	0	0	100	0	0	\N
228216	726	0	-141	-132	-3.99	191	0	0	IT10802_ACTORDEF	16	0	0	0	0	0	0	0	0	0	0	0	100	0	0	\N
228217	726	0	-416	132	-3.99	511	0	0	IT10801_ACTORDEF	22	0	0	0	0	0	0	0	0	0	0	0	100	0	0	\N
228218	726	0	-164	-112	-3.99	0	0	0	IT10804_ACTORDEF	17	0	0	0	0	0	0	0	0	0	0	0	100	0	0	\N
228219	726	0	-108.38	-113.08	-3.99	256	0	0	IT11542_ACTORDEF	255	0	0	0	0	0	0	0	0	0	0	0	100	0	0	\N
228220	726	0	-123	-216	-3.99	381	0	0	IT11340_ACTORDEF	255	0	0	0	0	0	0	0	0	0	0	0	100	0	0	\N
228221	732	0	-120	-1045	3	384	0	0	IT74_ACTORDEF	21	0	0	0	0	0	0	0	0	0	0	0	100	0	0	\N
228222	732	0	-79	-1046	3	511	0	0	IT70_ACTORDEF	19	0	0	0	0	0	0	0	0	0	0	0	100	0	0	\N
228223	732	0	-30	-1047	3	511	0	0	IT128_ACTORDEF	16	0	0	0	0	0	0	0	0	0	0	0	100	0	0	\N
228224	732	0	40	-1045	3	0	0	0	IT73_ACTORDEF	22	0	0	0	0	0	0	0	0	0	0	0	100	0	0	\N
228225	732	0	97	-1046	3	0	0	0	IT69_ACTORDEF	15	0	0	0	0	0	0	0	0	0	0	0	100	0	0	\N
228226	732	0	133	-1045	3	381	0	0	IT66_ACTORDEF	17	0	0	0	0	0	0	0	0	0	0	0	100	0	0	\N
228227	732	0	-584	-860	3	3	0	0	IT74_ACTORDEF	21	0	0	0	0	0	0	0	0	0	0	0	100	0	0	\N
228228	732	0	-582	-804	3	384	0	0	IT70_ACTORDEF	19	0	0	0	0	0	0	0	0	0	0	0	100	0	0	\N
228229	732	0	-582	-759	3	383	0	0	IT128_ACTORDEF	16	0	0	0	0	0	0	0	0	0	0	0	100	0	0	\N
228230	732	0	-583	-696	3	384	0	0	IT73_ACTORDEF	22	0	0	0	0	0	0	0	0	0	0	0	100	0	0	\N
228231	732	0	-583	-639	3	385	0	0	IT69_ACTORDEF	15	0	0	0	0	0	0	0	0	0	0	0	100	0	0	\N
228232	732	0	-583	-595	3	254	0	0	IT66_ACTORDEF	17	0	0	0	0	0	0	0	0	0	0	0	100	0	0	\N
228233	732	0	-1045	126	3	1	0	0	IT74_ACTORDEF	21	0	0	0	0	0	0	0	0	0	0	0	100	0	0	\N
228234	732	0	-1046	84	3	129	0	0	IT70_ACTORDEF	19	0	0	0	0	0	0	0	0	0	0	0	100	0	0	\N
228235	732	0	-1046	37	3	128	0	0	IT128_ACTORDEF	16	0	0	0	0	0	0	0	0	0	0	0	100	0	0	\N
228236	732	0	-1046	-41	3	130	0	0	IT73_ACTORDEF	22	0	0	0	0	0	0	0	0	0	0	0	100	0	0	\N
228237	732	0	-1046	-94	3	129	0	0	IT69_ACTORDEF	15	0	0	0	0	0	0	0	0	0	0	0	100	0	0	\N
228238	732	0	-1045	-134	3	510	0	0	IT66_ACTORDEF	17	0	0	0	0	0	0	0	0	0	0	0	100	0	0	\N
228239	732	0	-582	604	3	510	0	0	IT74_ACTORDEF	21	0	0	0	0	0	0	0	0	0	0	0	100	0	0	\N
228240	732	0	-584	658	3	129	0	0	IT70_ACTORDEF	19	0	0	0	0	0	0	0	0	0	0	0	100	0	0	\N
228241	732	0	-580	701	3	386	0	0	IT128_ACTORDEF	16	0	0	0	0	0	0	0	0	0	0	0	100	0	0	\N
228242	732	0	-583	771	3	385	0	0	IT73_ACTORDEF	22	0	0	0	0	0	0	0	0	0	0	0	100	0	0	\N
228243	732	0	-583	813	3	386	0	0	IT69_ACTORDEF	15	0	0	0	0	0	0	0	0	0	0	0	100	0	0	\N
228244	732	0	-583	872	3	255	0	0	IT66_ACTORDEF	17	0	0	0	0	0	0	0	0	0	0	0	100	0	0	\N
228245	732	0	-124	586	3	0	0	0	IT74_ACTORDEF	21	0	0	0	0	0	0	0	0	0	0	0	100	0	0	\N
228246	732	0	-78	585	3	3	0	0	IT70_ACTORDEF	19	0	0	0	0	0	0	0	0	0	0	0	100	0	0	\N
228247	732	0	-34	586	3	0	0	0	IT128_ACTORDEF	16	0	0	0	0	0	0	0	0	0	0	0	100	0	0	\N
228248	732	0	44	587	3	1	0	0	IT73_ACTORDEF	22	0	0	0	0	0	0	0	0	0	0	0	100	0	0	\N
228249	732	0	94	587	3	511	0	0	IT69_ACTORDEF	15	0	0	0	0	0	0	0	0	0	0	0	100	0	0	\N
228250	732	0	134	588	3	382	0	0	IT66_ACTORDEF	17	0	0	0	0	0	0	0	0	0	0	0	100	0	0	\N
228251	732	0	1050	615	3	254	0	0	IT74_ACTORDEF	21	0	0	0	0	0	0	0	0	0	0	0	100	0	0	\N
228252	732	0	1052	648	3	131	0	0	IT70_ACTORDEF	19	0	0	0	0	0	0	0	0	0	0	0	100	0	0	\N
228253	732	0	1052	686	3	385	0	0	IT128_ACTORDEF	16	0	0	0	0	0	0	0	0	0	0	0	100	0	0	\N
228254	732	0	1050	778	3	385	0	0	IT73_ACTORDEF	22	0	0	0	0	0	0	0	0	0	0	0	100	0	0	\N
228255	732	0	1050	821	3	390	0	0	IT69_ACTORDEF	15	0	0	0	0	0	0	0	0	0	0	0	100	0	0	\N
228256	732	0	1050	871	3	252	0	0	IT66_ACTORDEF	17	0	0	0	0	0	0	0	0	0	0	0	100	0	0	\N
228257	732	0	586	133	3	511	0	0	IT74_ACTORDEF	21	0	0	0	0	0	0	0	0	0	0	0	100	0	0	\N
228258	732	0	587	83	3	126	0	0	IT70_ACTORDEF	19	0	0	0	0	0	0	0	0	0	0	0	100	0	0	\N
228259	732	0	587	33	3	126	0	0	IT128_ACTORDEF	16	0	0	0	0	0	0	0	0	0	0	0	100	0	0	\N
228260	732	0	587	-36	3	126	0	0	IT73_ACTORDEF	22	0	0	0	0	0	0	0	0	0	0	0	100	0	0	\N
228261	732	0	587	-91	3	126	0	0	IT69_ACTORDEF	15	0	0	0	0	0	0	0	0	0	0	0	100	0	0	\N
228262	732	0	587	-137	3	511	0	0	IT66_ACTORDEF	17	0	0	0	0	0	0	0	0	0	0	0	100	0	0	\N
228263	732	0	859	-712	3	125	0	0	IT74_ACTORDEF	21	0	0	0	0	0	0	0	0	0	0	0	100	0	0	\N
228264	732	0	764	-713	7	387	0	0	IT70_ACTORDEF	19	0	0	0	0	0	0	0	0	0	0	0	100	0	0	\N
228265	732	0	845	-753	3	265	0	0	IT128_ACTORDEF	16	0	0	0	0	0	0	0	0	0	0	0	100	0	0	\N
228266	732	0	810	-752	3	265	0	0	IT73_ACTORDEF	22	0	0	0	0	0	0	0	0	0	0	0	100	0	0	\N
228267	732	0	783	-752	3	265	0	0	IT69_ACTORDEF	15	0	0	0	0	0	0	0	0	0	0	0	100	0	0	\N
228268	732	0	762	-753	3	124	0	0	IT66_ACTORDEF	17	0	0	0	0	0	0	0	0	0	0	0	100	0	0	\N
228269	730	0	489.15	702.8	732	0	0	0	IT11516_ACTORDEF	255	0	0	0	0	0	0	0	0	0	0	0	100	0	0	\N
228270	730	0	-517.15	-722.7	501	0	0	0	IT11508_ACTORDEF	255	0	0	0	0	0	0	0	0	0	0	0	100	0	0	\N
228271	730	0	807.3	-368	732	0	0	0	IT11507_ACTORDEF	255	0	0	0	0	0	0	0	0	0	0	0	100	0	0	\N
228272	730	0	-835.3	405.54	675	0	0	0	IT11505_ACTORDEF	255	0	0	0	0	0	0	0	0	0	0	0	100	0	0	\N
228273	151	1	-677	-93	5	384	17913	0	IT74_ACTORDEF	21	1112	0	0	0	0	0	0	0	0	0	0	100	0	0	\N
228274	151	1	-515	200	5	256	17909	0	IT66_ACTORDEF	17	1115	0	0	0	0	0	0	0	0	0	0	100	0	0	\N
228275	151	1	-376	-92	5	384	17915	0	IT128_ACTORDEF	16	892	0	0	0	0	0	0	0	0	0	0	100	0	0	\N
228276	151	1	-349	-117	5	0	17909	0	IT66_ACTORDEF	17	1115	0	0	0	0	0	0	0	0	0	0	100	0	0	\N
228277	151	1	-606	105	5	0	17907	0	IT69_ACTORDEF	15	1114	0	0	0	0	0	0	0	0	0	0	100	0	0	\N
228278	151	1	-575	-217	5	0	17913	0	IT74_ACTORDEF	21	1112	0	0	0	0	0	0	0	0	0	0	100	0	0	\N
228279	151	1	-640	-197	5	384	17914	0	IT73_ACTORDEF	22	1113	0	0	0	0	0	0	0	0	0	0	100	0	0	\N
228280	151	1	-695	-111	5	0	17909	0	IT66_ACTORDEF	17	1115	0	0	0	0	0	0	0	0	0	0	100	0	0	\N
228281	490	0	105	549	23	66	0	0	IT10802_ACTORDEF	16	0	0	0	0	0	0	0	0	0	0	0	100	0	0	\N
228282	490	0	87	487	23	182	0	0	IT11542_ACTORDEF	255	0	0	0	0	0	0	0	0	0	0	0	100	0	0	\N
228283	490	0	-89	485	23	460	0	0	IT11543_ACTORDEF	255	0	0	0	0	0	0	0	0	0	0	0	100	0	0	\N
228284	490	0	-108.3	549	23	129	0	0	IT10803_ACTORDEF	15	0	0	0	0	0	0	0	0	0	0	0	100	0	0	\N
228285	490	0	-109	594	23	311	0	0	IT11340_ACTORDEF	255	0	0	0	0	0	0	0	0	0	0	0	100	0	0	\N
228286	490	0	-80	637	23	311	0	0	IT10864_ACTORDEF	17	0	0	0	0	0	0	0	0	0	0	0	100	0	0	\N
228287	490	0	77	639	23	70	0	0	IT10801_ACTORDEF	22	0	0	0	0	0	0	0	0	0	0	0	100	0	0	\N
228288	490	0	110	595	23	331	0	0	IT10800_ACTORDEF	21	0	0	0	0	0	0	0	0	0	0	0	100	0	0	\N
228289	487	0	805.32	-1328.47	-736.67	108	0	0	IT65_ACTORDEF	255	0	0	0	0	0	0	0	0	0	0	0	100	0	0	\N
228290	487	0	987.85	-1503.4	-39.43	240	0	0	IT11266_ACTORDEF	255	0	0	0	0	0	0	0	0	0	0	0	100	0	0	\N
228291	487	0	917.87	-1388.15	-40.92	126	0	0	IT11266_ACTORDEF	255	0	0	0	0	0	0	0	0	0	0	0	100	0	0	\N
228292	487	0	750.13	-1385.44	-38.01	328	0	0	IT11266_ACTORDEF	255	0	0	0	0	0	0	0	0	0	0	0	100	0	0	\N
228293	487	0	745.6	-1180	-40.92	232	0	0	IT11266_ACTORDEF	255	0	0	0	0	0	0	0	0	0	0	0	100	0	0	\N
228294	487	0	865.45	-1088	-40.85	463	0	0	IT11266_ACTORDEF	255	0	0	0	0	0	0	0	0	0	0	0	100	0	0	\N
228295	487	0	1048.02	-1015.08	-40.4	80	0	0	IT11266_ACTORDEF	255	0	0	0	0	0	0	0	0	0	0	0	100	0	0	\N
228296	487	0	1062.4	-1122.93	-39.97	509	0	0	IT11266_ACTORDEF	255	0	0	0	0	0	0	0	0	0	0	0	100	0	0	\N
228297	487	0	1130.63	-1231.15	-41.96	330	0	0	IT11266_ACTORDEF	255	0	0	0	0	0	0	0	0	0	0	0	100	0	0	\N
228298	487	0	1449.11	-679.95	8.21	146	0	0	IT11266_ACTORDEF	255	0	0	0	0	0	0	0	0	0	0	0	100	0	0	\N
228299	487	0	1264.86	-701.01	8.21	156	0	0	IT11266_ACTORDEF	255	0	0	0	0	0	0	0	0	0	0	0	100	0	0	\N
228300	487	0	1328.82	-459.34	8.21	131	0	0	IT11266_ACTORDEF	255	0	0	0	0	0	0	0	0	0	0	0	100	0	0	\N
228301	487	0	939.68	-551.12	23.2	56	0	0	IT11266_ACTORDEF	255	0	0	0	0	0	0	0	0	0	0	0	100	0	0	\N
228302	487	0	674.47	-518.15	23.4	315	0	0	IT11266_ACTORDEF	255	0	0	0	0	0	0	0	0	0	0	0	100	0	0	\N
228303	487	0	808.7	-268.04	14.72	308	0	0	IT11266_ACTORDEF	255	0	0	0	0	0	0	0	0	0	0	0	100	0	0	\N
228304	487	0	576.15	-249.37	-105.2	142	0	0	IT11266_ACTORDEF	255	0	0	0	0	0	0	0	0	0	0	0	100	0	0	\N
228305	487	0	447.25	-175.88	-90.47	339	0	0	IT11266_ACTORDEF	255	0	0	0	0	0	0	0	0	0	0	0	100	0	0	\N
228306	487	0	338.88	-51.65	-90.15	409	0	0	IT11266_ACTORDEF	255	0	0	0	0	0	0	0	0	0	0	0	100	0	0	\N
228307	487	0	166.49	-126.21	-88.75	350	0	0	IT11266_ACTORDEF	255	0	0	0	0	0	0	0	0	0	0	0	100	0	0	\N
228308	487	0	353.45	-250.25	-89.23	99	0	0	IT11266_ACTORDEF	255	0	0	0	0	0	0	0	0	0	0	0	100	0	0	\N
228309	487	0	772.92	-1292.56	-106.08	139	0	0	IT11266_ACTORDEF	255	0	0	0	0	0	0	0	0	0	0	0	100	0	0	\N
228310	487	0	687.94	-1370.56	-110.27	116	0	0	IT11266_ACTORDEF	255	0	0	0	0	0	0	0	0	0	0	0	100	0	0	\N
228311	487	0	650.03	-1041.54	-109.2	124	0	0	IT11266_ACTORDEF	255	0	0	0	0	0	0	0	0	0	0	0	100	0	0	\N
228312	487	0	467.53	-772.99	-109.19	181	0	0	IT11266_ACTORDEF	255	0	0	0	0	0	0	0	0	0	0	0	100	0	0	\N
228313	487	0	745.83	-621.73	-109.09	353	0	0	IT11266_ACTORDEF	255	0	0	0	0	0	0	0	0	0	0	0	100	0	0	\N
228314	487	0	898.61	-793.66	-109.19	323	0	0	IT11266_ACTORDEF	255	0	0	0	0	0	0	0	0	0	0	0	100	0	0	\N
228315	487	0	138.47	-494.1	-95.94	405	0	0	IT11266_ACTORDEF	255	0	0	0	0	0	0	0	0	0	0	0	100	0	0	\N
228316	487	0	1.29	-652.66	-97.78	322	0	0	IT11266_ACTORDEF	255	0	0	0	0	0	0	0	0	0	0	0	100	0	0	\N
228317	487	0	69.88	-560.48	-97.8	29	0	0	IT11266_ACTORDEF	255	0	0	0	0	0	0	0	0	0	0	0	100	0	0	\N
228318	487	0	779.2	-209.75	4.95	331	0	0	IT11265_ACTORDEF	255	0	0	0	0	0	0	0	0	0	0	0	100	0	0	\N
228319	487	0	750.7	-274.77	17.12	420	0	0	IT11265_ACTORDEF	255	0	0	0	0	0	0	0	0	0	0	0	100	0	0	\N
228320	487	0	750.68	-415.84	22.93	229	0	0	IT11265_ACTORDEF	255	0	0	0	0	0	0	0	0	0	0	0	100	0	0	\N
228321	487	0	769.06	-389.7	22.87	236	0	0	IT11265_ACTORDEF	255	0	0	0	0	0	0	0	0	0	0	0	100	0	0	\N
228322	487	0	743.99	-347.83	22.04	296	0	0	IT11265_ACTORDEF	255	0	0	0	0	0	0	0	0	0	0	0	100	0	0	\N
228323	487	0	784.14	-281.46	16.35	278	0	0	IT11265_ACTORDEF	255	0	0	0	0	0	0	0	0	0	0	0	100	0	0	\N
228324	487	0	793.04	-249.32	14.83	352	0	0	IT11265_ACTORDEF	255	0	0	0	0	0	0	0	0	0	0	0	100	0	0	\N
228325	487	0	862.81	-216.74	10.32	202	0	0	IT11265_ACTORDEF	255	0	0	0	0	0	0	0	0	0	0	0	100	0	0	\N
228326	487	0	813.25	-175.5	-4.15	246	0	0	IT11265_ACTORDEF	255	0	0	0	0	0	0	0	0	0	0	0	100	0	0	\N
228327	487	0	796.44	-101.61	-12.4	162	0	0	IT11265_ACTORDEF	255	0	0	0	0	0	0	0	0	0	0	0	100	0	0	\N
228328	487	0	704.36	-60.87	-35.62	175	0	0	IT11265_ACTORDEF	255	0	0	0	0	0	0	0	0	0	0	0	100	0	0	\N
228329	484	0	654.6	171.69	130.12	252	0	0	IT10802_ACTORDEF	16	0	0	0	0	0	0	0	0	0	0	0	100	0	0	\N
228330	484	0	1005.49	167	142.98	158	0	0	IT11054_ACTORDEF	255	0	0	0	0	0	0	0	0	0	0	0	100	0	0	\N
228331	484	0	926	321	217	160	0	0	IT10802_ACTORDEF	16	0	0	0	0	0	0	0	0	0	0	0	100	0	0	\N
228332	484	0	913	313	217	283	0	0	IT10802_ACTORDEF	16	0	0	0	0	0	0	0	0	0	0	0	100	0	0	\N
228333	484	0	1403	471	217	206	0	0	IT11542_ACTORDEF	255	0	0	0	0	0	0	0	0	0	0	0	100	0	0	\N
228334	484	0	1358	446	217	329	0	0	IT11542_ACTORDEF	255	0	0	0	0	0	0	0	0	0	0	0	100	0	0	\N
228335	484	0	1408	475	217	328	0	0	IT11543_ACTORDEF	255	0	0	0	0	0	0	0	0	0	0	0	100	0	0	\N
228336	484	0	1378	450	217	328	0	0	IT11543_ACTORDEF	255	0	0	0	0	0	0	0	0	0	0	0	100	0	0	\N
228337	484	0	1388	459	217	327	0	0	IT10800_ACTORDEF	21	0	0	0	0	0	0	0	0	0	0	0	100	0	0	\N
228338	484	0	1140	247	219	29	0	0	IT10800_ACTORDEF	21	0	0	0	0	0	0	0	0	0	0	0	100	0	0	\N
228339	484	0	964	531	217	21	0	0	IT10801_ACTORDEF	22	0	0	0	0	0	0	0	0	0	0	0	100	0	0	\N
228340	484	0	973	91	219	413	0	0	IT10801_ACTORDEF	22	0	0	0	0	0	0	0	0	0	0	0	100	0	0	\N
228341	484	0	1401	856	224	322	0	0	IT10865_ACTORDEF	15	0	0	0	0	0	0	0	0	0	0	0	100	0	0	\N
228342	484	0	1500	564	201	78	0	0	IT10865_ACTORDEF	15	0	0	0	0	0	0	0	0	0	0	0	100	0	0	\N
228343	484	0	1335	673	201	384	0	0	IT10805_ACTORDEF	19	0	0	0	0	0	0	0	0	0	0	0	100	0	0	\N
228344	484	0	1405	574	201	194	0	0	IT10805_ACTORDEF	19	0	0	0	0	0	0	0	0	0	0	0	100	0	0	\N
228345	484	0	548	1076	320	102	0	0	IT10864_ACTORDEF	17	0	0	0	0	0	0	0	0	0	0	0	100	0	0	\N
228346	484	0	528	1069	322	102	0	0	IT10864_ACTORDEF	17	0	0	0	0	0	0	0	0	0	0	0	100	0	0	\N
228347	114	0	-485	386	43	0	0	0	IT128_ACTORDEF	16	0	0	0	0	0	0	0	0	0	0	0	100	0	0	\N
228348	114	0	-763	321	43	384	0	0	IT66_ACTORDEF	17	0	0	0	0	0	0	0	0	0	0	0	100	0	0	\N
228349	114	0	-488	320	43	0	0	0	IT73_ACTORDEF	22	0	0	0	0	0	0	0	0	0	0	0	100	0	0	\N
228350	114	0	-413	182	13	128	0	0	IT69_ACTORDEF	15	0	0	0	0	0	0	0	0	0	0	0	100	0	0	\N
228351	114	0	-703	515	13	0	0	0	IT70_ACTORDEF	19	0	0	0	0	0	0	0	0	0	0	0	100	0	0	\N
228352	114	0	383	148	3	0	0	0	IT63_ACTORDEF	8	0	0	0	0	0	0	0	0	0	0	0	100	0	0	\N
228353	755	0	2125	-8666	146	98	0	0	IT66_ACTORDEF	17	0	0	0	0	0	0	0	0	0	0	0	100	0	0	\N
228354	759	0	-90.62	1124.8	12.14	362	0	0	IT10803_ACTORDEF	15	0	0	0	0	0	0	0	0	0	0	0	100	0	0	\N
228355	759	0	-72.61	1135.79	8.5	63	0	0	IT10804_ACTORDEF	17	0	0	0	0	0	0	0	0	0	0	0	100	0	0	\N
228356	754	0	2497	-557	-327	58	0	0	IT64_ACTORDEF	30	0	0	0	0	0	0	0	0	0	0	0	100	0	0	\N
228357	754	0	2495	-553	125	4	0	0	IT63_ACTORDEF	8	0	0	0	0	0	0	0	0	0	0	0	100	0	0	\N
228358	754	0	2499	-563	-327	4	0	0	IT63_ACTORDEF	8	0	0	0	0	0	0	0	0	0	0	0	100	0	0	\N
228359	754	0	2494	-562	-327	60	0	0	IT63_ACTORDEF	8	0	0	0	0	0	0	0	0	0	0	0	100	0	0	\N
228360	752	0	-195.53	288.468	2.55008	56	0	0	IT11154_ACTORDEF	255	0	0	0	0	0	0	0	0	0	0	0	100	0	0	\N
228361	752	0	-30.9074	325.465	2.55008	123	0	0	IT11154_ACTORDEF	255	0	0	0	0	0	0	0	0	0	0	0	100	0	0	\N
228362	752	0	2349.4	-275.5	-292	283	0	0	IT10646_ACTORDEF	255	0	0	0	0	0	0	0	0	0	0	0	100	0	0	\N
228363	752	0	1768	-586.6	-481	6	0	0	IT10645_ACTORDEF	255	0	0	0	0	0	0	0	0	0	0	0	100	0	0	\N
228364	752	0	1349.58	-48.78	-498	21	0	0	IT10645_ACTORDEF	255	0	0	0	0	0	0	0	0	0	0	0	100	0	0	\N
228365	752	0	1379	233	-437	360	0	0	IT11618_ACTORDEF	255	0	0	0	0	0	0	0	0	0	0	0	100	0	0	\N
228366	752	0	748.2	-191.57	-747	500	0	0	IT11618_ACTORDEF	255	0	0	0	0	0	0	0	0	0	0	0	100	0	0	\N
228367	752	0	540	-120	-746	172	0	0	IT11154_ACTORDEF	255	0	0	0	0	0	0	0	0	0	0	0	100	0	0	\N
228368	752	0	785	30	-746	260	0	0	IT11154_ACTORDEF	255	0	0	0	0	0	0	0	0	0	0	0	100	0	0	\N
228369	752	0	1712	-715.4	-497	106	0	0	IT10645_ACTORDEF	255	0	0	0	0	0	0	0	0	0	0	0	100	0	0	\N
228370	752	0	1770.1	-927	-462	168	0	0	IT11073_ACTORDEF	255	0	0	0	0	0	0	0	0	0	0	0	100	0	0	\N
228371	752	0	790	-314	-746	452	0	0	IT11154_ACTORDEF	255	0	0	0	0	0	0	0	0	0	0	0	100	0	0	\N
228372	752	0	2118.9	-1196.4	-597	200	0	0	IT10645_ACTORDEF	255	0	0	0	0	0	0	0	0	0	0	0	100	0	0	\N
228373	752	0	-71.1601	639.83	4.54995	244	0	0	IT11154_ACTORDEF	255	0	0	0	0	0	0	0	0	0	0	0	100	0	0	\N
228374	752	0	-346.323	671.426	3.31942	333	0	0	IT11154_ACTORDEF	255	0	0	0	0	0	0	0	0	0	0	0	100	0	0	\N
228375	752	0	968.4	-277.5	-561.6	418	0	0	IT12348_ACTORDEF	255	0	0	0	0	0	0	0	0	0	0	0	100	0	0	\N
228376	752	0	1352.8	-945.2	-541	216	0	0	IT12347_ACTORDEF	255	0	0	0	0	0	0	0	0	0	0	0	100	0	0	\N
228377	752	0	-67	193	2.4	82	0	0	IT10805_ACTORDEF	19	0	0	0	0	0	0	0	0	0	0	0	100	0	0	\N
228378	752	0	128	319	3	385	0	0	IT10804_ACTORDEF	17	0	0	0	0	0	0	0	0	0	0	0	100	0	0	\N
228379	752	0	-26.7	225.4	3	345	0	0	IT11544_ACTORDEF	255	0	0	0	0	0	0	0	0	0	0	0	100	0	0	\N
228380	752	0	-114.8	180.6	6.6	380	0	0	IT11547_ACTORDEF	255	0	0	0	0	0	0	0	0	0	0	0	100	0	0	\N
228381	752	0	-93.4	203.5	6.6	333	0	0	IT11546_ACTORDEF	255	0	0	0	0	0	0	0	0	0	0	0	100	0	0	\N
228382	752	0	-104.9	184	3	360	0	0	IT11543_ACTORDEF	255	0	0	0	0	0	0	0	0	0	0	0	100	0	0	\N
228383	752	0	-54	215	3	89	0	0	IT11542_ACTORDEF	255	0	0	0	0	0	0	0	0	0	0	0	100	0	0	\N
228384	752	0	-100.2	185.4	3	232	0	0	IT11541_ACTORDEF	255	0	0	0	0	0	0	0	0	0	0	0	100	0	0	\N
228385	752	0	-116.7	195.3	3	456	0	0	IT11539_ACTORDEF	255	0	0	0	0	0	0	0	0	0	0	0	100	0	0	\N
228386	752	0	-76.9	203.8	3	218	0	0	IT10865_ACTORDEF	15	0	0	0	0	0	0	0	0	0	0	0	100	0	0	\N
228387	752	0	101.4	314.2	3	10	0	0	IT10802_ACTORDEF	16	0	0	0	0	0	0	0	0	0	0	0	100	0	0	\N
228388	752	0	-45.3	211.2	3	340	0	0	IT10801_ACTORDEF	22	0	0	0	0	0	0	0	0	0	0	0	100	0	0	\N
228389	752	0	-52.5	220.7	2	105	0	0	IT10800_ACTORDEF	21	0	0	0	0	0	0	0	0	0	0	0	100	0	0	\N
228390	753	0	701	-916	-344	286	0	0	IT12499_ACTORDEF	255	0	0	0	0	0	0	0	0	0	0	0	100	0	0	\N
228391	753	0	724	-708	-344	229	0	0	IT12499_ACTORDEF	255	0	0	0	0	0	0	0	0	0	0	0	100	0	0	\N
228392	753	0	797	-819	-344	511	0	0	IT12499_ACTORDEF	255	0	0	0	0	0	0	0	0	0	0	0	100	0	0	\N
228393	753	0	792	-816	-344	447	0	0	IT12499_ACTORDEF	255	0	0	0	0	0	0	0	0	0	0	0	100	0	0	\N
228394	753	0	802	-826	-344	191	0	0	IT12499_ACTORDEF	255	0	0	0	0	0	0	0	0	0	0	0	100	0	0	\N
228395	753	0	792	-816	-344	447	0	0	IT12499_ACTORDEF	255	0	0	0	0	0	0	0	0	0	0	0	100	0	0	\N
228396	753	0	1554	-1406	-364	352	0	0	IT11074_ACTORDEF	255	0	0	0	0	0	0	0	0	0	0	0	100	0	0	\N
228397	753	0	714	-748	-341	83	0	0	IT11064_ACTORDEF	255	0	0	0	0	0	0	0	0	0	0	0	100	0	0	\N
228398	753	0	1220	-1203	-145	108	0	0	IT11074_ACTORDEF	255	0	0	0	0	0	0	0	0	0	0	0	100	0	0	\N
228399	753	0	1486	-1018	-144	456	0	0	IT11074_ACTORDEF	255	0	0	0	0	0	0	0	0	0	0	0	100	0	0	\N
228400	753	0	1449	-626	-133	308	0	0	IT11074_ACTORDEF	255	0	0	0	0	0	0	0	0	0	0	0	100	0	0	\N
228401	753	0	1331	-641	-145	267	0	0	IT11074_ACTORDEF	255	0	0	0	0	0	0	0	0	0	0	0	100	0	0	\N
228402	753	0	1177	-811	-147	180	0	0	IT11074_ACTORDEF	255	0	0	0	0	0	0	0	0	0	0	0	100	0	0	\N
228403	753	0	1331	-957	-148	231	0	0	IT11074_ACTORDEF	255	0	0	0	0	0	0	0	0	0	0	0	100	0	0	\N
228404	753	0	1370	-1386	-364	38	0	0	IT11074_ACTORDEF	255	0	0	0	0	0	0	0	0	0	0	0	100	0	0	\N
228405	753	0	1576	-1600	-364	159	0	0	IT11074_ACTORDEF	255	0	0	0	0	0	0	0	0	0	0	0	100	0	0	\N
228406	753	0	340	1009	-27	286	0	0	IT11066_ACTORDEF	255	0	0	0	0	0	0	0	0	0	0	0	100	0	0	\N
228407	753	0	1472	-1455	-364	274	0	0	IT11074_ACTORDEF	255	0	0	0	0	0	0	0	0	0	0	0	100	0	0	\N
228408	753	0	697	-695	-341	235	0	0	IT11064_ACTORDEF	255	0	0	0	0	0	0	0	0	0	0	0	100	0	0	\N
228409	753	0	1394	-1453	-364	120	0	0	IT11074_ACTORDEF	255	0	0	0	0	0	0	0	0	0	0	0	100	0	0	\N
228410	753	0	-665	1240	117	204	0	0	IT11066_ACTORDEF	255	0	0	0	0	0	0	0	0	0	0	0	100	0	0	\N
228411	753	0	343	1014	-29	290	0	0	IT11066_ACTORDEF	255	0	0	0	0	0	0	0	0	0	0	0	100	0	0	\N
228412	753	0	697	-715	-341	71	0	0	IT11064_ACTORDEF	255	0	0	0	0	0	0	0	0	0	0	0	100	0	0	\N
228413	753	0	695	-714	-341	192	0	0	IT11064_ACTORDEF	255	0	0	0	0	0	0	0	0	0	0	0	100	0	0	\N
228414	753	0	723	-726	-343	410	0	0	IT11064_ACTORDEF	255	0	0	0	0	0	0	0	0	0	0	0	100	0	0	\N
228415	753	0	697	741	-341	52	0	0	IT11064_ACTORDEF	255	0	0	0	0	0	0	0	0	0	0	0	100	0	0	\N
228416	753	0	-362	1209	103	131	0	0	IT11066_ACTORDEF	255	0	0	0	0	0	0	0	0	0	0	0	100	0	0	\N
228417	753	0	831	336	-75	495	0	0	IT11066_ACTORDEF	255	0	0	0	0	0	0	0	0	0	0	0	100	0	0	\N
228418	753	0	832	331	-76	495	0	0	IT11066_ACTORDEF	255	0	0	0	0	0	0	0	0	0	0	0	100	0	0	\N
228419	753	0	954	-293	-80	369	0	0	IT11066_ACTORDEF	255	0	0	0	0	0	0	0	0	0	0	0	100	0	0	\N
228420	753	0	656	395	-68	325	0	0	IT11066_ACTORDEF	255	0	0	0	0	0	0	0	0	0	0	0	100	0	0	\N
228421	753	0	1444	-1177	-107	41	0	0	IT11066_ACTORDEF	255	0	0	0	0	0	0	0	0	0	0	0	100	0	0	\N
228422	753	0	1218	-518	-88	139	0	0	IT11074_ACTORDEF	255	0	0	0	0	0	0	0	0	0	0	0	100	0	0	\N
228423	753	0	753	-780	-344	293	0	0	IT12499_ACTORDEF	255	0	0	0	0	0	0	0	0	0	0	0	100	0	0	\N
228424	753	0	792	-823	-344	352	0	0	IT12499_ACTORDEF	255	0	0	0	0	0	0	0	0	0	0	0	100	0	0	\N
228425	753	0	720	-701	-344	459	0	0	IT12499_ACTORDEF	255	0	0	0	0	0	0	0	0	0	0	0	100	0	0	\N
228426	753	0	707	-908	-344	75	0	0	IT12499_ACTORDEF	255	0	0	0	0	0	0	0	0	0	0	0	100	0	0	\N
228427	753	0	749	-773	-344	447	0	0	IT12499_ACTORDEF	255	0	0	0	0	0	0	0	0	0	0	0	100	0	0	\N
228428	344	1	198	204	1	450	0	0	IT10714_ACTORDEF	53	0	0	0	0	0	0	0	0	0	0	0	100	0	0	\N
228429	344	1	-197	621	1	195	0	0	IT10714_ACTORDEF	53	0	0	0	0	0	0	0	0	0	0	0	100	0	0	\N
228430	86	0	9694	1113	2329.35	63	16695	0	IT210_ACTORDEF	30	1114	0	0	0	0	0	0	0	0	0	0	100	0	0	Spacial Distortion
228431	86	0	9659	1148	2329.35	444	16695	0	IT210_ACTORDEF	30	1114	0	0	0	0	0	0	0	0	0	0	100	0	0	Spacial Distortion
228432	86	0	9668	1060	2296.14	320	16695	0	IT210_ACTORDEF	30	1114	0	0	0	0	0	0	0	0	0	0	100	0	0	Spacial Distortion
228433	86	0	9734	1073	2329.35	200	16695	0	IT210_ACTORDEF	30	1114	0	0	0	0	0	0	0	0	0	0	100	0	0	Spacial Distortion
228434	86	0	9725	1142	2365.57	75	16695	0	IT210_ACTORDEF	30	1114	0	0	0	0	0	0	0	0	0	0	100	0	0	Spacial Distortion
228435	169	0	538	387	369.334	384	16765	0	IT210_ACTORDEF	30	1114	0	0	0	0	0	0	0	0	0	0	100	0	0	Spacial Distortion
228436	169	0	543	392	375.371	256	16765	0	IT210_ACTORDEF	30	1114	0	0	0	0	0	0	0	0	0	0	100	0	0	Spacial Distortion
228437	169	0	536	394	372.354	128	16765	0	IT210_ACTORDEF	30	1114	0	0	0	0	0	0	0	0	0	0	100	0	0	Spacial Distortion
228438	169	0	543	384	372.353	0	16765	0	IT210_ACTORDEF	30	1114	0	0	0	0	0	0	0	0	0	0	100	0	0	Spacial Distortion
228439	202	0	962	-315	-95.998	270	0	0	IT11340_ACTORDEF	19	2677	0	0	0	0	0	0	0	0	0	0	100	0	0	Brewing Barrel
228440	202	0	932	-345	-95.998	190	0	0	IT10802_ACTORDEF	16	892	0	0	0	0	0	0	0	0	0	0	100	0	0	Loom
228441	202	0	932.82	-290.33	-95.998	135	0	0	IT11543_ACTORDEF	20	6840	0	0	0	0	0	0	0	0	0	0	100	0	0	Jewelry Making Table
228442	202	0	850	-318	-95.998	386	0	0	IT11545_ACTORDEF	46	730	0	0	0	0	0	0	0	0	0	0	100	0	0	Fly Making Bench
228443	202	0	861	-318	-95.998	511	0	0	IT11542_ACTORDEF	18	883	0	0	0	0	0	0	0	0	0	0	100	0	0	Fletching Table
228444	202	0	837	-290	-95.998	251	0	0	IT11544_ACTORDEF	10	3114	0	0	0	0	0	0	0	0	0	0	100	0	0	Tinkering Table
228445	202	0	797.14	-278.72	-95.998	396	0	0	IT11541_ACTORDEF	12	857	0	0	0	0	0	0	0	0	0	0	100	0	0	Poisoncrafting Table
228446	202	0	798.4	-304.58	-95.998	387	0	0	IT11539_ACTORDEF	9	6840	0	0	0	0	0	0	0	0	0	0	100	0	0	Alchemy Table
228447	202	0	778	-278	-95.998	86	0	0	IT10800_ACTORDEF	21	1112	0	0	0	0	0	0	0	0	0	0	100	0	0	Pottery Wheel
228448	202	0	791	-342	-95.998	0	0	0	IT10801_ACTORDEF	22	1113	0	0	0	0	0	0	0	0	0	0	100	0	0	Kiln
228449	202	0	776	-339	-95.998	240	0	0	IT10803_ACTORDEF	15	1114	0	0	0	0	0	0	0	0	0	0	100	0	0	Oven
228450	202	0	761	-339	-95.998	254	0	0	IT10804_ACTORDEF	17	1115	0	0	0	0	0	0	0	0	0	0	100	0	0	Forge
228451	155	0	-206	176	-191.998	205	92824	0	IT66_ACTORDEF	17	1115	0	0	0	0	0	0	0	0	0	0	100	0	0	Shar Vahl Forge
228452	1	0	-177	484	0.002	117	92825	0	IT10804_ACTORDEF	17	1115	0	0	0	0	0	0	0	0	0	0	100	0	0	Half Elf Forge
228453	3	0	0	-63	0.002	0	92825	0	IT10804_ACTORDEF	17	1115	0	0	0	0	0	0	0	0	0	0	100	0	0	Half Elf Forge
228454	54	0	118	-70	0	0	92825	0	IT10804_ACTORDEF	17	1115	0	0	0	0	0	0	0	0	0	0	100	0	0	Half Elf Forge
