1	akheva	0	-493	33	-20	50	20	50	2	179137	1		10	1	3600	120
2	akheva	0	26	-172	18	50	20	50	2	179137	1		10	1	3600	120
3	akheva	0	-128	-110	6	50	20	50	2	179137	1		10	1	3600	120
4	akheva	0	-288	-78	-10	50	20	50	2	179137	1		10	1	3600	120
5	akheva	0	-375	-52	-10	50	20	50	2	179137	1		10	1	3600	120
6	akheva	0	124	-19	7	50	20	50	2	179137	1		10	1	3600	120
7	akheva	0	-542	15	-20	50	20	50	2	179137	1		10	1	3600	120
8	akheva	0	-117	49	6	50	20	50	2	179137	1		10	1	3600	120
9	akheva	0	-377	50	-10	50	20	50	2	179137	1		10	1	3600	120
10	akheva	0	273	62	8	50	20	50	2	179137	1		10	1	3600	120
11	echo	0	146	651	-81	50	20	40	0	2985	0		0	36	300	120
12	echo	0	167	656	-81	50	20	30	0	2985	0		0	36	300	120
13	echo	0	890	1058	-124	50	20	30	0	2985	0		0	36	300	120
14	echo	0	420	968	-125	50	20	50	0	2985	0		0	36	300	120
15	echo	0	859	934	-125	50	20	50	0	2985	0		0	36	300	120
16	echo	0	573	933	-124	50	20	30	0	2985	0		0	36	300	120
17	echo	0	58	854	-101	50	20	30	0	2985	0		0	36	300	120
18	echo	0	145	787	-93	50	20	40	0	2985	0		0	36	300	120
19	necropolis	0	-604	-505	-237	25	20	50	4	75	300		10	1	120	12
20	necropolis	0	-1362	-383	-247	25	20	50	0	981	0		0	53	120	0
21	necropolis	0	-505	-303	-247	25	20	50	4	75	300		10	1	120	12
22	necropolis	0	-1573	-294	-247	25	20	50	0	1707	0		0	53	1200	0
23	necropolis	0	-871	-292	-247	25	20	50	0	2098	0		0	53	60	0
24	necropolis	0	686	1085	-16	25	20	50	0	253	0		0	53	120	0
25	necropolis	0	-999	-233	-247	25	20	50	0	2098	0		0	53	60	0
26	necropolis	0	-1724	-191	-247	25	20	50	0	1707	0		0	53	1200	0
27	necropolis	0	-1000	-176	-247	25	20	50	0	981	0		0	53	120	0
28	necropolis	0	-2120	64	-247	25	20	50	0	981	0		0	53	120	0
29	necropolis	0	-1676	190	-247	25	20	50	0	981	0		0	53	120	0
30	necropolis	0	-2063	205	-253	25	20	50	0	981	0		0	53	120	0
31	necropolis	0	-1828	265	-247	25	20	50	0	951	0		0	53	120	0
32	necropolis	0	348	442	-152	25	20	50	0	951	0		0	53	120	0
33	necropolis	0	-2179	584	-247	25	20	50	0	1707	0		0	53	1200	0
34	necropolis	0	151	818	-177	25	20	50	0	951	0		0	53	120	0
35	necropolis	0	-737	1017	-246	25	20	50	0	1707	0		0	53	1200	0
36	necropolis	0	80	1028	-221	25	20	50	2	123015	1		10	1	1200	120
37	necropolis	0	-829	899	-247	25	20	50	0	1959	0		0	53	120	0
38	necropolis	0	-625	1393	-247	25	20	50	0	1707	0		0	53	1200	0
39	necropolis	0	109	1294	-153	25	20	50	0	981	0		0	53	120	0
40	necropolis	0	53	1735	-147	25	20	50	0	253	0		0	53	120	0
41	necropolis	0	582	1412	-147	25	20	50	0	253	0		0	53	120	0
42	necropolis	0	771	1506	-147	25	20	50	0	958	0		0	53	120	0
43	necropolis	0	-59	1481	-147	25	20	50	0	958	0		0	53	120	0
44	akheva	0	-234	64	6	50	20	50	2	179137	1		10	1	3600	120
45	akheva	0	-159	69	6	50	20	50	2	179137	1		10	1	3600	120
46	akheva	0	-809	177	-20	50	20	50	2	179137	1		10	1	3600	120
47	akheva	0	-762	188	-20	50	20	50	2	179137	1		10	1	3600	120
48	akheva	0	-754	304	-20	50	20	50	2	179137	1		10	1	3600	120
49	akheva	0	-879	545	22	50	20	50	2	179137	1		10	1	3600	120
50	akheva	0	-877	685	22	50	20	50	2	179137	1		10	1	3600	120
51	akheva	0	-878	826	22	50	20	50	2	179137	1		10	1	3600	120
52	akheva	0	-84	-18	6	50	20	50	2	179137	1		10	1	3600	120
53	akheva	0	189	30	6	50	20	50	2	179137	1		10	1	3600	120
54	akheva	0	189	95	8	50	20	50	2	179137	1		10	1	3600	120
55	akheva	0	-505	113	-20	50	20	50	2	179137	1		10	1	3600	120
56	akheva	0	-331	123	-10	50	20	50	2	179139	1		10	1	3600	120
57	akheva	0	204	135	6	50	20	50	2	179139	1		10	1	3600	120
58	akheva	0	-263	139	-10	50	20	50	2	179139	1		10	1	3600	120
59	akheva	0	-385	146	6	50	20	50	2	179139	1		10	1	3600	120
60	akheva	0	-1469	164	6	50	20	50	2	179139	1		10	1	3600	120
61	akheva	0	-1567	165	6	50	20	50	2	179139	1		10	1	3600	120
62	akheva	0	-1401	168	6	50	20	50	2	179139	1		10	1	3600	120
63	akheva	0	-961	171	-20	50	20	50	2	179139	1		10	1	3600	120
64	akheva	0	-884	173	-20	50	20	50	2	179139	1		10	1	3600	120
65	akheva	0	-1317	175	6	50	20	50	2	179139	1		10	1	3600	120
66	akheva	0	-1242	179	6	50	20	50	2	179139	1		10	1	3600	120
67	akheva	0	-504	182	-20	50	20	50	2	179139	1		10	1	3600	120
68	akheva	0	-1089	186	-20	50	20	50	2	179139	1		10	1	3600	120
69	akheva	0	-308	187	-10	50	20	50	2	179139	1		10	1	3600	120
70	akheva	0	-1488	213	6	50	20	50	2	179139	1		10	1	3600	120
71	akheva	0	-1031	213	-20	50	20	50	2	179139	1		10	1	3600	120
72	akheva	0	-1103	237	-20	50	20	50	2	179139	1		10	1	3600	120
73	akheva	0	-684	243	-20	50	20	50	2	179139	1		10	1	3600	120
74	akheva	0	-614	243	-20	50	20	50	2	179139	1		10	1	3600	120
75	akheva	0	-337	252	-10	50	20	50	2	179139	1		10	1	3600	120
76	akheva	0	-301	254	-10	50	20	50	2	179139	1		10	1	3600	120
77	akheva	0	-501	255	-20	50	20	50	2	179139	1		10	1	3600	120
78	akheva	0	-385	265	-10	50	20	50	2	179139	1		10	1	3600	120
79	akheva	0	-960	267	-19	50	20	50	2	179138	2		20	1	3600	120
80	akheva	0	-1542	270	6	50	20	50	2	179138	2		20	1	3600	120
81	akheva	0	-1394	270	6	50	20	50	2	179138	2		20	1	3600	120
82	akheva	0	-1318	272	8	50	20	50	2	179138	2		20	1	3600	120
83	akheva	0	-1475	275	6	50	20	50	2	179138	2		20	1	3600	120
84	akheva	0	-259	282	-10	50	20	50	2	179138	2		20	1	3600	120
85	akheva	0	-913	284	-20	50	20	50	2	179138	2		20	1	3600	120
86	akheva	0	-830	290	-20	50	20	50	2	179138	2		20	1	3600	120
87	akheva	0	-15	292	6	50	20	50	2	179138	2		20	1	3600	120
88	akheva	0	-1096	310	-20	50	20	50	2	179138	2		20	1	3600	120
89	akheva	0	40	324	6	50	20	50	2	179138	2		20	1	3600	120
90	akheva	0	-1444	354	18	50	20	50	2	179138	2		20	1	3600	120
91	akheva	0	-987	403	22	50	20	50	2	179138	2		20	1	3600	120
92	akheva	0	-1444	424	18	50	20	50	2	179138	2		20	1	3600	120
93	akheva	0	-987	465	22	50	20	50	2	179138	2		20	1	3600	120
94	akheva	0	-879	479	22	50	20	50	2	179138	2		20	1	3600	120
95	akheva	0	-1441	501	18	50	20	50	2	179138	2		20	1	3600	120
96	akheva	0	-987	536	22	50	20	50	2	179138	2		20	1	3600	120
97	akheva	0	-1439	586	18	50	20	50	2	179138	2		20	1	3600	120
98	akheva	0	-987	602	22	50	20	50	2	179138	2		20	1	3600	120
99	akheva	0	-877	618	22	50	20	50	2	179138	2		20	1	3600	120
100	akheva	0	-987	664	22	50	20	50	2	179138	2		20	1	3600	120
101	akheva	0	-1438	721	18	50	20	50	2	179138	2		20	1	3600	120
102	akheva	0	-987	734	22	50	20	50	2	179138	2		20	1	3600	120
103	akheva	0	-877	756	22	50	20	50	2	179138	2		20	1	3600	120
104	akheva	0	-987	801	22	50	20	50	2	179138	2		20	1	3600	120
105	akheva	0	-987	856	22	50	20	50	2	179138	2		20	1	3600	120
106	akheva	0	-1439	859	18	50	20	50	2	179138	2		20	1	3600	120
107	akheva	0	-883	903	22	50	20	50	2	179138	2		20	1	3600	120
108	akheva	0	-987	906	22	50	20	50	2	179138	2		20	1	3600	120
109	akheva	0	-890	948	22	50	20	50	2	179138	2		20	1	3600	120
110	akheva	0	-987	952	22	50	20	50	2	179136	2		20	1	3600	120
111	akheva	0	-902	992	22	50	20	50	2	179136	2		20	1	3600	120
112	akheva	0	-986	1005	22	50	20	50	2	179136	5		50	1	3600	120
113	akheva	0	-747	1029	25	50	20	50	2	179136	5		50	1	3600	120
114	akheva	0	-786	1039	29	50	20	50	2	179136	4		40	1	3600	120
115	akheva	0	-732	1061	25	50	20	50	2	179136	4		40	1	3600	120
116	akheva	0	-106	-3	6	50	20	50	2	179136	4		40	1	3600	120
117	akheva	0	-111	155	6	50	20	50	2	179136	4		40	1	3600	120
118	akheva	0	11	198	6	50	20	50	2	179136	3		30	1	3600	120
119	akheva	0	60	263	36	50	20	50	2	179136	3		30	1	3600	120
120	akheva	0	169	62	6	50	20	50	2	179136	3		30	1	3600	120
121	akheva	0	-149	123	6	50	20	50	2	179136	2		20	1	3600	120
122	akheva	0	53	173	6	50	20	50	2	179136	2		20	1	3600	120
123	akheva	0	-53	182	6	50	20	50	2	179136	6		60	1	3600	120
124	akheva	0	-15	251	34	50	20	50	2	179136	7		70	1	3600	120
125	mischiefplane	0	-72	-1050	93	75	15	30	2	126344	1	a grumpy tree throws a bunch of pansies at you.	0	1	900	450
126	mischiefplane	0	-275	-1230	93	75	15	30	2	126345	2	a grumpy tree throws a bunch of pansies at you.	0	1	900	450
127	mischiefplane	0	-485	-870	93	75	15	30	2	126346	1	a grumpy tree throws a bunch of pansies at you.	0	1	900	450
128	mischiefplane	0	-525	-1275	93	75	15	30	2	126345	2	a grumpy tree throws a bunch of pansies at you.	0	1	900	450
129	mischiefplane	0	-617	-1238	93	75	15	30	2	126344	1	a grumpy tree throws a bunch of pansies at you.	0	1	900	450
130	mischiefplane	0	-985	-900	93	75	15	30	2	126345	2	a grumpy tree throws a bunch of pansies at you.	0	1	900	450
131	mischiefplane	0	-1040	-700	93	75	15	30	2	126346	1	a grumpy tree throws a bunch of pansies at you.	0	1	900	450
132	mischiefplane	0	-1565	-630	93	75	15	30	2	126344	1	a grumpy tree throws a bunch of pansies at you.	0	1	900	450
133	mischiefplane	0	-1300	-238	93	75	15	30	2	126346	1	a grumpy tree throws a bunch of pansies at you.	0	1	900	450
134	mischiefplane	0	-1235	-195	93	75	15	30	2	126345	2	a grumpy tree throws a bunch of pansies at you.	0	1	900	450
135	mischiefplane	0	-392	-301	121	100	10	30	4	5	5	a pristine gate hits you!	0	1	10	0
136	mischiefplane	0	-176	47	116	100	10	30	4	5	5	Five hits you!	0	1	60	30
137	mmca	0	881	263	-4	100	10	50	4	1	200		100	1	12600	0
138	mmca	0	84	436	-10	100	10	50	4	1	200		100	1	12600	0
139	mmca	0	407	-42	-1	100	10	50	4	1	200		100	1	12600	0
140	mmca	0	-562	-365	3	100	10	50	4	1	200		100	1	12600	0
141	mmcb	0	439	-441	6	100	10	50	4	1	200		100	1	12600	0
142	mmcb	0	449	385	-5	100	10	50	4	1	200		100	1	12600	0
143	mmcb	0	182	3	1	100	10	50	4	1	200		100	1	12600	0
144	mmcb	0	-518	-48	17	100	10	50	4	1	200		100	1	12600	0
145	mmcc	0	851	859	8	100	10	50	4	1	200		100	1	12600	0
146	mmcc	0	902	527	3	100	10	50	4	1	200		100	1	12600	0
147	mmcc	0	647	386	12	100	10	50	4	1	200		100	1	12600	0
148	mmcd	0	623	-308	53	100	10	50	4	1	200		100	1	12600	0
149	mmcd	0	713	33	20	100	10	50	4	1	200		100	1	12600	0
150	mmcd	0	601	41	3	100	10	50	4	1	200		100	1	12600	0
151	mmcd	0	-116	-647	0	100	10	50	4	1	200		100	1	12600	0
152	mmce	0	209	-429	17	100	10	50	4	200	0		0	1	12600	0
153	mmce	0	-135	-558	-2	100	10	50	4	200	0		0	1	12600	0
154	mmce	0	-114	-247	0	100	10	50	4	200	0		0	1	12600	0
155	mmce	0	-554	338	1	100	10	50	4	200	0		0	1	12600	0
156	mmcf	0	253	-789	53	100	10	50	4	200	0		0	1	12600	0
157	mmcf	0	445	-517	36	100	10	50	4	200	0		0	1	12600	0
158	mmcf	0	-4	-392	53	100	10	50	4	200	0		0	1	12600	0
159	mmcf	0	224	-359	36	100	10	50	4	200	0		0	1	12600	0
160	mmcf	0	-200	374	-12	100	10	50	4	200	0		0	1	12600	0
161	mmcg	0	-89	-429	20	100	10	50	4	200	0		0	1	12600	0
162	mmcg	0	444	-296	3	100	10	50	4	200	0		0	1	12600	0
163	mmcg	0	32	-248	3	100	10	50	4	200	0		0	1	12600	0
164	mmch	0	366	-284	-8	100	10	50	4	200	0		0	1	12600	0
165	mmch	0	21	325	6	100	10	50	4	200	0		0	1	12600	0
166	mmch	0	71	17	20	100	10	50	4	200	0		0	1	12600	0
167	mmch	0	-252	-321	2	100	10	50	4	200	0		0	1	12600	0
168	mmci	0	-125	-388	3	100	10	50	4	200	0		0	1	12600	0
169	mmci	0	-743	114	3	100	10	50	4	200	0		0	1	12600	0
170	mmci	0	-222	6	3	100	10	50	4	200	0		0	1	12600	0
171	mmcj	0	191	-317	20	100	10	50	4	200	0		0	1	12600	0
172	mmcj	0	-223	-581	20	100	10	50	4	200	0		0	1	12600	0
173	mmcj	0	-148	-291	20	100	10	50	4	200	0		0	1	12600	0
174	mmcj	0	216	512	3	100	10	50	4	200	0		0	1	12600	0
175	mmca	1	881	263	-4	100	10	35	4	50	200		100	1	12600	0
176	mmca	1	84	436	-10	100	10	35	4	50	200		100	1	12600	0
177	mmca	1	407	-42	-1	100	10	35	4	50	200		100	1	12600	0
178	mmca	1	-562	-365	3	100	10	35	4	50	200		100	1	12600	0
179	mmca	2	881	263	-4	100	10	35	4	100	200		100	1	12600	0
180	mmca	2	84	436	-10	100	10	35	4	100	200		100	1	12600	0
181	mmca	2	407	-42	-1	100	10	35	4	100	200		100	1	12600	0
182	mmca	2	-562	-365	3	100	10	35	4	100	200		100	1	12600	0
183	mmca	3	881	263	-4	100	10	35	4	150	300		100	1	12600	0
184	mmca	3	84	436	-10	100	10	35	4	150	300		100	1	12600	0
185	mmca	3	407	-42	-1	100	10	35	4	150	300		100	1	12600	0
186	mmca	3	-562	-365	3	100	10	35	4	150	300		100	1	12600	0
187	mmca	4	881	263	-4	100	10	35	4	200	400		100	1	12600	0
188	mmca	4	84	436	-10	100	10	35	4	200	400		100	1	12600	0
189	mmca	4	407	-42	-1	100	10	35	4	200	400		100	1	12600	0
190	mmca	4	-562	-365	3	100	10	35	4	200	400		100	1	12600	0
191	mmca	5	881	263	-4	100	10	35	4	250	500		100	1	12600	0
192	mmca	5	84	436	-10	100	10	35	4	250	500		100	1	12600	0
193	mmca	5	407	-42	-1	100	10	35	4	250	500		100	1	12600	0
194	mmca	5	-562	-365	3	100	10	35	4	250	500		100	1	12600	0
195	mmca	6	881	263	-4	100	10	35	4	300	600		100	1	12600	0
196	mmca	6	84	436	-10	100	10	35	4	300	600		100	1	12600	0
197	mmca	6	407	-42	-1	100	10	35	4	300	600		100	1	12600	0
198	mmca	6	-562	-365	3	100	10	35	4	300	600		100	1	12600	0
199	mmca	7	881	263	-4	100	10	35	4	350	700		100	1	12600	0
200	mmca	7	84	436	-10	100	10	35	4	350	700		100	1	12600	0
201	mmca	7	407	-42	-1	100	10	35	4	350	700		100	1	12600	0
202	mmca	7	-562	-365	3	100	10	35	4	350	700		100	1	12600	0
203	mmca	8	881	263	-4	100	10	35	4	400	800		100	1	12600	0
204	mmca	8	84	436	-10	100	10	35	4	400	800		100	1	12600	0
205	mmca	8	407	-42	-1	100	10	35	4	400	800		100	1	12600	0
206	mmca	8	-562	-365	3	100	10	35	4	400	800		100	1	12600	0
207	mmca	9	881	263	-4	100	10	35	4	450	900		100	1	12600	0
208	mmca	9	84	436	-10	100	10	35	4	450	900		100	1	12600	0
209	mmca	9	407	-42	-1	100	10	35	4	450	900		100	1	12600	0
210	mmca	9	-562	-365	3	100	10	35	4	450	900		100	1	12600	0
211	mmca	10	881	263	-4	100	10	35	4	500	1000		100	1	12600	0
212	mmca	10	84	436	-10	100	10	35	4	500	1000		100	1	12600	0
213	mmca	10	407	-42	-1	100	10	35	4	500	1000		100	1	12600	0
214	mmca	10	-562	-365	3	100	10	35	4	500	1000		100	1	12600	0
215	mmca	11	881	263	-4	100	10	35	4	50	200		100	1	12600	0
216	mmca	11	84	436	-10	100	10	35	4	50	200		100	1	12600	0
217	mmca	11	407	-42	-1	100	10	35	4	50	200		100	1	12600	0
218	mmca	11	-562	-365	3	100	10	35	4	50	200		100	1	12600	0
219	mmca	12	881	263	-4	100	10	35	4	100	200		100	1	12600	0
220	mmca	12	84	436	-10	100	10	35	4	100	200		100	1	12600	0
221	mmca	12	407	-42	-1	100	10	35	4	100	200		100	1	12600	0
222	mmca	12	-562	-365	3	100	10	35	4	100	200		100	1	12600	0
223	mmca	13	881	263	-4	100	10	35	4	150	300		100	1	12600	0
224	mmca	13	84	436	-10	100	10	35	4	150	300		100	1	12600	0
225	mmca	13	407	-42	-1	100	10	35	4	150	300		100	1	12600	0
226	mmca	13	-562	-365	3	100	10	35	4	150	300		100	1	12600	0
227	mmca	14	881	263	-4	100	10	35	4	200	400		100	1	12600	0
228	mmca	14	84	436	-10	100	10	35	4	200	400		100	1	12600	0
229	mmca	14	407	-42	-1	100	10	35	4	200	400		100	1	12600	0
230	mmca	14	-562	-365	3	100	10	35	4	200	400		100	1	12600	0
231	mmca	15	881	263	-4	100	10	35	4	250	500		100	1	12600	0
232	mmca	15	84	436	-10	100	10	35	4	250	500		100	1	12600	0
233	mmca	15	407	-42	-1	100	10	35	4	250	500		100	1	12600	0
234	mmca	15	-562	-365	3	100	10	35	4	250	500		100	1	12600	0
235	mmca	16	881	263	-4	100	10	35	4	300	600		100	1	12600	0
236	mmca	16	84	436	-10	100	10	35	4	300	600		100	1	12600	0
237	mmca	16	407	-42	-1	100	10	35	4	300	600		100	1	12600	0
238	mmca	16	-562	-365	3	100	10	35	4	300	600		100	1	12600	0
239	mmca	17	881	263	-4	100	10	35	4	350	700		100	1	12600	0
240	mmca	17	84	436	-10	100	10	35	4	350	700		100	1	12600	0
241	mmca	17	407	-42	-1	100	10	35	4	350	700		100	1	12600	0
242	mmca	17	-562	-365	3	100	10	35	4	350	700		100	1	12600	0
243	mmca	18	881	263	-4	100	10	35	4	400	800		100	1	12600	0
244	mmca	18	84	436	-10	100	10	35	4	400	800		100	1	12600	0
245	mmca	18	407	-42	-1	100	10	35	4	400	800		100	1	12600	0
246	mmca	18	-562	-365	3	100	10	35	4	400	800		100	1	12600	0
247	mmca	19	881	263	-4	100	10	35	4	450	900		100	1	12600	0
248	mmca	19	84	436	-10	100	10	35	4	450	900		100	1	12600	0
249	mmca	19	407	-42	-1	100	10	35	4	450	900		100	1	12600	0
250	mmca	19	-562	-365	3	100	10	35	4	450	900		100	1	12600	0
251	mmca	20	881	263	-4	100	10	35	4	500	1000		100	1	12600	0
252	mmca	20	84	436	-10	100	10	35	4	500	1000		100	1	12600	0
253	mmca	20	407	-42	-1	100	10	35	4	500	1000		100	1	12600	0
254	mmca	20	-562	-365	3	100	10	35	4	500	1000		100	1	12600	0
255	mmcb	1	439	-441	6	100	10	35	4	50	200		100	1	12600	0
256	mmcb	1	449	385	-5	100	10	35	4	50	200		100	1	12600	0
257	mmcb	1	182	3	1	100	10	35	4	50	200		100	1	12600	0
258	mmcb	1	-518	-48	17	100	10	35	4	50	200		100	1	12600	0
259	mmcb	2	439	-441	6	100	10	35	4	100	200		100	1	12600	0
260	mmcb	2	449	385	-5	100	10	35	4	100	200		100	1	12600	0
261	mmcb	2	182	3	1	100	10	35	4	100	200		100	1	12600	0
262	mmcb	2	-518	-48	17	100	10	35	4	100	200		100	1	12600	0
263	mmcb	3	439	-441	6	100	10	35	4	150	300		100	1	12600	0
264	mmcb	3	449	385	-5	100	10	35	4	150	300		100	1	12600	0
265	mmcb	3	182	3	1	100	10	35	4	150	300		100	1	12600	0
266	mmcb	3	-518	-48	17	100	10	35	4	150	300		100	1	12600	0
267	mmcb	4	439	-441	6	100	10	35	4	200	400		100	1	12600	0
268	mmcb	4	449	385	-5	100	10	35	4	200	400		100	1	12600	0
269	mmcb	4	182	3	1	100	10	35	4	200	400		100	1	12600	0
270	mmcb	4	-518	-48	17	100	10	35	4	200	400		100	1	12600	0
271	mmcb	5	439	-441	6	100	10	35	4	250	500		100	1	12600	0
272	mmcb	5	449	385	-5	100	10	35	4	250	500		100	1	12600	0
273	mmcb	5	182	3	1	100	10	35	4	250	500		100	1	12600	0
274	mmcb	5	-518	-48	17	100	10	35	4	250	500		100	1	12600	0
275	mmcb	6	439	-441	6	100	10	35	4	300	600		100	1	12600	0
276	mmcb	6	449	385	-5	100	10	35	4	300	600		100	1	12600	0
277	mmcb	6	182	3	1	100	10	35	4	300	600		100	1	12600	0
278	mmcb	6	-518	-48	17	100	10	35	4	300	600		100	1	12600	0
279	mmcb	7	439	-441	6	100	10	35	4	350	700		100	1	12600	0
280	mmcb	7	449	385	-5	100	10	35	4	350	700		100	1	12600	0
281	mmcb	7	182	3	1	100	10	35	4	350	700		100	1	12600	0
282	mmcb	7	-518	-48	17	100	10	35	4	350	700		100	1	12600	0
283	mmcb	8	439	-441	6	100	10	35	4	400	800		100	1	12600	0
284	mmcb	8	449	385	-5	100	10	35	4	400	800		100	1	12600	0
285	mmcb	8	182	3	1	100	10	35	4	400	800		100	1	12600	0
286	mmcb	8	-518	-48	17	100	10	35	4	400	800		100	1	12600	0
287	mmcb	9	439	-441	6	100	10	35	4	450	900		100	1	12600	0
288	mmcb	9	449	385	-5	100	10	35	4	450	900		100	1	12600	0
289	mmcb	9	182	3	1	100	10	35	4	450	900		100	1	12600	0
290	mmcb	9	-518	-48	17	100	10	35	4	450	900		100	1	12600	0
291	mmcb	10	439	-441	6	100	10	35	4	500	1000		100	1	12600	0
292	mmcb	10	449	385	-5	100	10	35	4	500	1000		100	1	12600	0
293	mmcb	10	182	3	1	100	10	35	4	500	1000		100	1	12600	0
294	mmcb	10	-518	-48	17	100	10	35	4	500	1000		100	1	12600	0
295	mmcc	1	851	859	8	100	10	35	4	50	200		100	1	12600	0
296	mmcc	1	902	527	3	100	10	35	4	50	200		100	1	12600	0
297	mmcc	1	647	386	12	100	10	35	4	50	200		100	1	12600	0
298	mmcc	2	851	859	8	100	10	35	4	100	200		100	1	12600	0
299	mmcc	2	902	527	3	100	10	35	4	100	200		100	1	12600	0
300	mmcc	2	647	386	12	100	10	35	4	100	200		100	1	12600	0
301	mmcc	3	851	859	8	100	10	35	4	150	300		100	1	12600	0
302	mmcc	3	902	527	3	100	10	35	4	150	300		100	1	12600	0
303	mmcc	3	647	386	12	100	10	35	4	150	300		100	1	12600	0
304	mmcc	4	851	859	8	100	10	35	4	200	400		100	1	12600	0
305	mmcc	4	902	527	3	100	10	35	4	200	400		100	1	12600	0
306	mmcc	4	647	386	12	100	10	35	4	200	400		100	1	12600	0
307	mmcc	5	851	859	8	100	10	35	4	250	500		100	1	12600	0
308	mmcc	5	902	527	3	100	10	35	4	250	500		100	1	12600	0
309	mmcc	5	647	386	12	100	10	35	4	250	500		100	1	12600	0
310	mmcc	6	851	859	8	100	10	35	4	300	600		100	1	12600	0
311	mmcc	6	902	527	3	100	10	35	4	300	600		100	1	12600	0
312	mmcc	6	647	386	12	100	10	35	4	300	600		100	1	12600	0
313	mmcc	7	851	859	8	100	10	35	4	350	700		100	1	12600	0
314	mmcc	7	902	527	3	100	10	35	4	350	700		100	1	12600	0
315	mmcc	7	647	386	12	100	10	35	4	350	700		100	1	12600	0
316	mmcc	8	851	859	8	100	10	35	4	400	800		100	1	12600	0
317	mmcc	8	902	527	3	100	10	35	4	400	800		100	1	12600	0
318	mmcc	8	647	386	12	100	10	35	4	400	800		100	1	12600	0
319	mmcc	9	851	859	8	100	10	35	4	450	900		100	1	12600	0
320	mmcc	9	902	527	3	100	10	35	4	450	900		100	1	12600	0
321	mmcc	9	647	386	12	100	10	35	4	450	900		100	1	12600	0
322	mmcc	10	851	859	8	100	10	35	4	500	1000		100	1	12600	0
323	mmcc	10	902	527	3	100	10	35	4	500	1000		100	1	12600	0
324	mmcc	10	647	386	12	100	10	35	4	500	1000		100	1	12600	0
325	mmcc	11	851	859	8	100	10	35	4	50	200		100	1	12600	0
326	mmcc	11	902	527	3	100	10	35	4	50	200		100	1	12600	0
327	mmcc	11	647	386	12	100	10	35	4	50	200		100	1	12600	0
328	mmcc	12	851	859	8	100	10	35	4	100	200		100	1	12600	0
329	mmcc	12	902	527	3	100	10	35	4	100	200		100	1	12600	0
330	mmcc	12	647	386	12	100	10	35	4	100	200		100	1	12600	0
331	mmcc	13	851	859	8	100	10	35	4	150	300		100	1	12600	0
332	mmcc	13	902	527	3	100	10	35	4	150	300		100	1	12600	0
333	mmcc	13	647	386	12	100	10	35	4	150	300		100	1	12600	0
334	mmcc	14	851	859	8	100	10	35	4	200	400		100	1	12600	0
335	mmcc	14	902	527	3	100	10	35	4	200	400		100	1	12600	0
336	mmcc	14	647	386	12	100	10	35	4	200	400		100	1	12600	0
337	mmcc	15	851	859	8	100	10	35	4	250	500		100	1	12600	0
338	mmcc	15	902	527	3	100	10	35	4	250	500		100	1	12600	0
339	mmcc	15	647	386	12	100	10	35	4	250	500		100	1	12600	0
340	mmcc	16	851	859	8	100	10	35	4	300	600		100	1	12600	0
341	mmcc	16	902	527	3	100	10	35	4	300	600		100	1	12600	0
342	mmcc	16	647	386	12	100	10	35	4	300	600		100	1	12600	0
343	mmcc	17	851	859	8	100	10	35	4	350	700		100	1	12600	0
344	mmcc	17	902	527	3	100	10	35	4	350	700		100	1	12600	0
345	mmcc	17	647	386	12	100	10	35	4	350	700		100	1	12600	0
346	mmcc	18	851	859	8	100	10	35	4	400	800		100	1	12600	0
347	mmcc	18	902	527	3	100	10	35	4	400	800		100	1	12600	0
348	mmcc	18	647	386	12	100	10	35	4	400	800		100	1	12600	0
349	mmcc	19	851	859	8	100	10	35	4	450	900		100	1	12600	0
350	mmcc	19	902	527	3	100	10	35	4	450	900		100	1	12600	0
351	mmcc	19	647	386	12	100	10	35	4	450	900		100	1	12600	0
352	mmcc	20	851	859	8	100	10	35	4	500	1000		100	1	12600	0
353	mmcc	20	902	527	3	100	10	35	4	500	1000		100	1	12600	0
354	mmcc	20	647	386	12	100	10	35	4	500	1000		100	1	12600	0
355	mmcd	1	623	-308	53	100	10	35	4	50	200		100	1	12600	0
356	mmcd	1	713	33	20	100	10	35	4	50	200		100	1	12600	0
357	mmcd	1	601	41	3	100	10	35	4	50	200		100	1	12600	0
358	mmcd	1	-116	-647	0	100	10	35	4	50	200		100	1	12600	0
359	mmcd	2	623	-308	53	100	10	35	4	100	200		100	1	12600	0
360	mmcd	2	713	33	20	100	10	35	4	100	200		100	1	12600	0
361	mmcd	2	601	41	3	100	10	35	4	100	200		100	1	12600	0
362	mmcd	2	-116	-647	0	100	10	35	4	100	200		100	1	12600	0
363	mmcd	3	623	-308	53	100	10	35	4	150	300		100	1	12600	0
364	mmcd	3	713	33	20	100	10	35	4	150	300		100	1	12600	0
365	mmcd	3	601	41	3	100	10	35	4	150	300		100	1	12600	0
366	mmcd	3	-116	-647	0	100	10	35	4	150	300		100	1	12600	0
367	mmcd	4	623	-308	53	100	10	35	4	200	400		100	1	12600	0
368	mmcd	4	713	33	20	100	10	35	4	200	400		100	1	12600	0
369	mmcd	4	601	41	3	100	10	35	4	200	400		100	1	12600	0
370	mmcd	4	-116	-647	0	100	10	35	4	200	400		100	1	12600	0
371	mmcd	5	623	-308	53	100	10	35	4	250	500		100	1	12600	0
372	mmcd	5	713	33	20	100	10	35	4	250	500		100	1	12600	0
373	mmcd	5	601	41	3	100	10	35	4	250	500		100	1	12600	0
374	mmcd	5	-116	-647	0	100	10	35	4	250	500		100	1	12600	0
375	mmcd	6	623	-308	53	100	10	35	4	300	600		100	1	12600	0
376	mmcd	6	713	33	20	100	10	35	4	300	600		100	1	12600	0
377	mmcd	6	601	41	3	100	10	35	4	300	600		100	1	12600	0
378	mmcd	6	-116	-647	0	100	10	35	4	300	600		100	1	12600	0
379	mmcd	7	623	-308	53	100	10	35	4	350	700		100	1	12600	0
380	mmcd	7	713	33	20	100	10	35	4	350	700		100	1	12600	0
381	mmcd	7	601	41	3	100	10	35	4	350	700		100	1	12600	0
382	mmcd	7	-116	-647	0	100	10	35	4	350	700		100	1	12600	0
383	mmcd	8	623	-308	53	100	10	35	4	400	800		100	1	12600	0
384	mmcd	8	713	33	20	100	10	35	4	400	800		100	1	12600	0
385	mmcd	8	601	41	3	100	10	35	4	400	800		100	1	12600	0
386	mmcd	8	-116	-647	0	100	10	35	4	400	800		100	1	12600	0
387	mmcd	9	623	-308	53	100	10	35	4	450	900		100	1	12600	0
388	mmcd	9	713	33	20	100	10	35	4	450	900		100	1	12600	0
389	mmcd	9	601	41	3	100	10	35	4	450	900		100	1	12600	0
390	mmcd	9	-116	-647	0	100	10	35	4	450	900		100	1	12600	0
391	mmcd	10	623	-308	53	100	10	35	4	500	1000		100	1	12600	0
392	mmcd	10	713	33	20	100	10	35	4	500	1000		100	1	12600	0
393	mmcd	10	601	41	3	100	10	35	4	500	1000		100	1	12600	0
394	mmcd	10	-116	-647	0	100	10	35	4	500	1000		100	1	12600	0
395	mmcd	11	623	-308	53	100	10	35	4	50	200		100	1	12600	0
396	mmcd	11	713	33	20	100	10	35	4	50	200		100	1	12600	0
397	mmcd	11	601	41	3	100	10	35	4	50	200		100	1	12600	0
398	mmcd	11	-116	-647	0	100	10	35	4	50	200		100	1	12600	0
399	mmcd	12	623	-308	53	100	10	35	4	100	200		100	1	12600	0
400	mmcd	12	713	33	20	100	10	35	4	100	200		100	1	12600	0
401	mmcd	12	601	41	3	100	10	35	4	100	200		100	1	12600	0
402	mmcd	12	-116	-647	0	100	10	35	4	100	200		100	1	12600	0
403	mmcd	13	623	-308	53	100	10	35	4	150	300		100	1	12600	0
404	mmcd	13	713	33	20	100	10	35	4	150	300		100	1	12600	0
405	mmcd	13	601	41	3	100	10	35	4	150	300		100	1	12600	0
406	mmcd	13	-116	-647	0	100	10	35	4	150	300		100	1	12600	0
407	mmcd	14	623	-308	53	100	10	35	4	200	400		100	1	12600	0
408	mmcd	14	713	33	20	100	10	35	4	200	400		100	1	12600	0
409	mmcd	14	601	41	3	100	10	35	4	200	400		100	1	12600	0
410	mmcd	14	-116	-647	0	100	10	35	4	200	400		100	1	12600	0
411	mmcd	15	623	-308	53	100	10	35	4	250	500		100	1	12600	0
412	mmcd	15	713	33	20	100	10	35	4	250	500		100	1	12600	0
413	mmcd	15	601	41	3	100	10	35	4	250	500		100	1	12600	0
414	mmcd	15	-116	-647	0	100	10	35	4	250	500		100	1	12600	0
415	mmcd	16	623	-308	53	100	10	35	4	300	600		100	1	12600	0
416	mmcd	16	713	33	20	100	10	35	4	300	600		100	1	12600	0
417	mmcd	16	601	41	3	100	10	35	4	300	600		100	1	12600	0
418	mmcd	16	-116	-647	0	100	10	35	4	300	600		100	1	12600	0
419	mmcd	17	623	-308	53	100	10	35	4	350	700		100	1	12600	0
420	mmcd	17	713	33	20	100	10	35	4	350	700		100	1	12600	0
421	mmcd	17	601	41	3	100	10	35	4	350	700		100	1	12600	0
422	mmcd	17	-116	-647	0	100	10	35	4	350	700		100	1	12600	0
423	mmcd	18	623	-308	53	100	10	35	4	400	800		100	1	12600	0
424	mmcd	18	713	33	20	100	10	35	4	400	800		100	1	12600	0
425	mmcd	18	601	41	3	100	10	35	4	400	800		100	1	12600	0
426	mmcd	18	-116	-647	0	100	10	35	4	400	800		100	1	12600	0
427	mmcd	19	623	-308	53	100	10	35	4	450	900		100	1	12600	0
428	mmcd	19	713	33	20	100	10	35	4	450	900		100	1	12600	0
429	mmcd	19	601	41	3	100	10	35	4	450	900		100	1	12600	0
430	mmcd	19	-116	-647	0	100	10	35	4	450	900		100	1	12600	0
431	mmcd	20	623	-308	53	100	10	35	4	500	1000		100	1	12600	0
432	mmcd	20	713	33	20	100	10	35	4	500	1000		100	1	12600	0
433	mmcd	20	601	41	3	100	10	35	4	500	1000		100	1	12600	0
434	mmcd	20	-116	-647	0	100	10	35	4	500	1000		100	1	12600	0
435	mmce	1	209	-429	17	100	10	35	4	50	200		0	1	12600	0
436	mmce	1	-135	-558	-2	100	10	35	4	50	200		0	1	12600	0
437	mmce	1	-114	-247	0	100	10	35	4	50	200		0	1	12600	0
438	mmce	1	-554	338	1	100	10	35	4	50	200		0	1	12600	0
439	mmce	2	209	-429	17	100	10	35	4	100	200		0	1	12600	0
440	mmce	2	-135	-558	-2	100	10	35	4	100	200		0	1	12600	0
441	mmce	2	-114	-247	0	100	10	35	4	100	200		0	1	12600	0
442	mmce	2	-554	338	1	100	10	35	4	100	200		0	1	12600	0
443	mmce	3	209	-429	17	100	10	35	4	150	300		0	1	12600	0
444	mmce	3	-135	-558	-2	100	10	35	4	150	300		0	1	12600	0
445	mmce	3	-114	-247	0	100	10	35	4	150	300		0	1	12600	0
446	mmce	3	-554	338	1	100	10	35	4	150	300		0	1	12600	0
447	mmce	4	209	-429	17	100	10	35	4	200	400		0	1	12600	0
448	mmce	4	-135	-558	-2	100	10	35	4	200	400		0	1	12600	0
449	mmce	4	-114	-247	0	100	10	35	4	200	400		0	1	12600	0
450	mmce	4	-554	338	1	100	10	35	4	200	400		0	1	12600	0
451	mmce	5	209	-429	17	100	10	35	4	250	500		0	1	12600	0
452	mmce	5	-135	-558	-2	100	10	35	4	250	500		0	1	12600	0
453	mmce	5	-114	-247	0	100	10	35	4	250	500		0	1	12600	0
454	mmce	5	-554	338	1	100	10	35	4	250	500		0	1	12600	0
455	mmce	6	209	-429	17	100	10	35	4	300	600		0	1	12600	0
456	mmce	6	-135	-558	-2	100	10	35	4	300	600		0	1	12600	0
457	mmce	6	-114	-247	0	100	10	35	4	300	600		0	1	12600	0
458	mmce	6	-554	338	1	100	10	35	4	300	600		0	1	12600	0
459	mmce	7	209	-429	17	100	10	35	4	350	700		0	1	12600	0
460	mmce	7	-135	-558	-2	100	10	35	4	350	700		0	1	12600	0
461	mmce	7	-114	-247	0	100	10	35	4	350	700		0	1	12600	0
462	mmce	7	-554	338	1	100	10	35	4	350	700		0	1	12600	0
463	mmce	8	209	-429	17	100	10	35	4	400	800		0	1	12600	0
464	mmce	8	-135	-558	-2	100	10	35	4	400	800		0	1	12600	0
465	mmce	8	-114	-247	0	100	10	35	4	400	800		0	1	12600	0
466	mmce	8	-554	338	1	100	10	35	4	400	800		0	1	12600	0
467	mmce	9	209	-429	17	100	10	35	4	450	900		0	1	12600	0
468	mmce	9	-135	-558	-2	100	10	35	4	450	900		0	1	12600	0
469	mmce	9	-114	-247	0	100	10	35	4	450	900		0	1	12600	0
470	mmce	9	-554	338	1	100	10	35	4	450	900		0	1	12600	0
471	mmce	10	209	-429	17	100	10	35	4	500	1000		0	1	12600	0
472	mmce	10	-135	-558	-2	100	10	35	4	500	1000		0	1	12600	0
473	mmce	10	-114	-247	0	100	10	35	4	500	1000		0	1	12600	0
474	mmce	10	-554	338	1	100	10	35	4	500	1000		0	1	12600	0
475	mmce	11	209	-429	17	100	10	35	4	50	200		0	1	12600	0
476	mmce	11	-135	-558	-2	100	10	35	4	50	200		0	1	12600	0
477	mmce	11	-114	-247	0	100	10	35	4	50	200		0	1	12600	0
478	mmce	11	-554	338	1	100	10	35	4	50	200		0	1	12600	0
479	mmce	12	209	-429	17	100	10	35	4	100	200		0	1	12600	0
480	mmce	12	-135	-558	-2	100	10	35	4	100	200		0	1	12600	0
481	mmce	12	-114	-247	0	100	10	35	4	100	200		0	1	12600	0
482	mmce	12	-554	338	1	100	10	35	4	100	200		0	1	12600	0
483	mmce	13	209	-429	17	100	10	35	4	150	300		0	1	12600	0
484	mmce	13	-135	-558	-2	100	10	35	4	150	300		0	1	12600	0
485	mmce	13	-114	-247	0	100	10	35	4	150	300		0	1	12600	0
486	mmce	13	-554	338	1	100	10	35	4	150	300		0	1	12600	0
487	mmce	14	209	-429	17	100	10	35	4	200	400		0	1	12600	0
488	mmce	14	-135	-558	-2	100	10	35	4	200	400		0	1	12600	0
489	mmce	14	-114	-247	0	100	10	35	4	200	400		0	1	12600	0
490	mmce	14	-554	338	1	100	10	35	4	200	400		0	1	12600	0
491	mmce	15	209	-429	17	100	10	35	4	250	500		0	1	12600	0
492	mmce	15	-135	-558	-2	100	10	35	4	250	500		0	1	12600	0
493	mmce	15	-114	-247	0	100	10	35	4	250	500		0	1	12600	0
494	mmce	15	-554	338	1	100	10	35	4	250	500		0	1	12600	0
495	mmce	16	209	-429	17	100	10	35	4	300	600		0	1	12600	0
496	mmce	16	-135	-558	-2	100	10	35	4	300	600		0	1	12600	0
497	mmce	16	-114	-247	0	100	10	35	4	300	600		0	1	12600	0
498	mmce	16	-554	338	1	100	10	35	4	300	600		0	1	12600	0
499	mmce	17	209	-429	17	100	10	35	4	350	700		0	1	12600	0
500	mmce	17	-135	-558	-2	100	10	35	4	350	700		0	1	12600	0
501	mmce	17	-114	-247	0	100	10	35	4	350	700		0	1	12600	0
502	mmce	17	-554	338	1	100	10	35	4	350	700		0	1	12600	0
503	mmce	18	209	-429	17	100	10	35	4	400	800		0	1	12600	0
504	mmce	18	-135	-558	-2	100	10	35	4	400	800		0	1	12600	0
505	mmce	18	-114	-247	0	100	10	35	4	400	800		0	1	12600	0
506	mmce	18	-554	338	1	100	10	35	4	400	800		0	1	12600	0
507	mmce	19	209	-429	17	100	10	35	4	450	900		0	1	12600	0
508	mmce	19	-135	-558	-2	100	10	35	4	450	900		0	1	12600	0
509	mmce	19	-114	-247	0	100	10	35	4	450	900		0	1	12600	0
510	mmce	19	-554	338	1	100	10	35	4	450	900		0	1	12600	0
511	mmce	20	209	-429	17	100	10	35	4	500	1000		0	1	12600	0
512	mmce	20	-135	-558	-2	100	10	35	4	500	1000		0	1	12600	0
513	mmce	20	-114	-247	0	100	10	35	4	500	1000		0	1	12600	0
514	mmce	20	-554	338	1	100	10	35	4	500	1000		0	1	12600	0
515	mmcf	1	253	-789	53	100	10	35	4	50	200		0	1	12600	0
516	mmcf	1	445	-517	36	100	10	35	4	50	200		0	1	12600	0
517	mmcf	1	-4	-392	53	100	10	35	4	50	200		0	1	12600	0
518	mmcf	1	224	-359	36	100	10	35	4	50	200		0	1	12600	0
519	mmcf	1	-200	374	-12	100	10	35	4	50	200		0	1	12600	0
520	mmcf	2	253	-789	53	100	10	35	4	100	200		0	1	12600	0
521	mmcf	2	445	-517	36	100	10	35	4	100	200		0	1	12600	0
522	mmcf	2	-4	-392	53	100	10	35	4	100	200		0	1	12600	0
523	mmcf	2	224	-359	36	100	10	35	4	100	200		0	1	12600	0
524	mmcf	2	-200	374	-12	100	10	35	4	100	200		0	1	12600	0
525	mmcf	3	253	-789	53	100	10	35	4	150	300		0	1	12600	0
526	mmcf	3	445	-517	36	100	10	35	4	150	300		0	1	12600	0
527	mmcf	3	-4	-392	53	100	10	35	4	150	300		0	1	12600	0
528	mmcf	3	224	-359	36	100	10	35	4	150	300		0	1	12600	0
529	mmcf	3	-200	374	-12	100	10	35	4	150	300		0	1	12600	0
530	mmcf	4	253	-789	53	100	10	35	4	200	400		0	1	12600	0
531	mmcf	4	445	-517	36	100	10	35	4	200	400		0	1	12600	0
532	mmcf	4	-4	-392	53	100	10	35	4	200	400		0	1	12600	0
533	mmcf	4	224	-359	36	100	10	35	4	200	400		0	1	12600	0
534	mmcf	4	-200	374	-12	100	10	35	4	200	400		0	1	12600	0
535	mmcf	5	253	-789	53	100	10	35	4	250	500		0	1	12600	0
536	mmcf	5	445	-517	36	100	10	35	4	250	500		0	1	12600	0
537	mmcf	5	-4	-392	53	100	10	35	4	250	500		0	1	12600	0
538	mmcf	5	224	-359	36	100	10	35	4	250	500		0	1	12600	0
539	mmcf	5	-200	374	-12	100	10	35	4	250	500		0	1	12600	0
540	mmcf	6	253	-789	53	100	10	35	4	300	600		0	1	12600	0
541	mmcf	6	445	-517	36	100	10	35	4	300	600		0	1	12600	0
542	mmcf	6	-4	-392	53	100	10	35	4	300	600		0	1	12600	0
543	mmcf	6	224	-359	36	100	10	35	4	300	600		0	1	12600	0
544	mmcf	6	-200	374	-12	100	10	35	4	300	600		0	1	12600	0
545	mmcf	7	253	-789	53	100	10	35	4	350	700		0	1	12600	0
546	mmcf	7	445	-517	36	100	10	35	4	350	700		0	1	12600	0
547	mmcf	7	-4	-392	53	100	10	35	4	350	700		0	1	12600	0
548	mmcf	7	224	-359	36	100	10	35	4	350	700		0	1	12600	0
549	mmcf	7	-200	374	-12	100	10	35	4	350	700		0	1	12600	0
550	mmcf	8	253	-789	53	100	10	35	4	400	800		0	1	12600	0
551	mmcf	8	445	-517	36	100	10	35	4	400	800		0	1	12600	0
552	mmcf	8	-4	-392	53	100	10	35	4	400	800		0	1	12600	0
553	mmcf	8	224	-359	36	100	10	35	4	400	800		0	1	12600	0
554	mmcf	8	-200	374	-12	100	10	35	4	400	800		0	1	12600	0
555	mmcf	9	253	-789	53	100	10	35	4	450	900		0	1	12600	0
556	mmcf	9	445	-517	36	100	10	35	4	450	900		0	1	12600	0
557	mmcf	9	-4	-392	53	100	10	35	4	450	900		0	1	12600	0
558	mmcf	9	224	-359	36	100	10	35	4	450	900		0	1	12600	0
559	mmcf	9	-200	374	-12	100	10	35	4	450	900		0	1	12600	0
560	mmcf	10	253	-789	53	100	10	35	4	500	1000		0	1	12600	0
561	mmcf	10	445	-517	36	100	10	35	4	500	1000		0	1	12600	0
562	mmcf	10	-4	-392	53	100	10	35	4	500	1000		0	1	12600	0
563	mmcf	10	224	-359	36	100	10	35	4	500	1000		0	1	12600	0
564	mmcf	10	-200	374	-12	100	10	35	4	500	1000		0	1	12600	0
565	mmcg	1	-89	-429	20	100	10	35	4	50	200		0	1	12600	0
566	mmcg	1	444	-296	3	100	10	35	4	50	200		0	1	12600	0
567	mmcg	1	32	-248	3	100	10	35	4	50	200		0	1	12600	0
568	mmcg	2	-89	-429	20	100	10	35	4	100	200		0	1	12600	0
569	mmcg	2	444	-296	3	100	10	35	4	100	200		0	1	12600	0
570	mmcg	2	32	-248	3	100	10	35	4	100	200		0	1	12600	0
571	mmcg	3	-89	-429	20	100	10	35	4	150	300		0	1	12600	0
572	mmcg	3	444	-296	3	100	10	35	4	150	300		0	1	12600	0
573	mmcg	3	32	-248	3	100	10	35	4	150	300		0	1	12600	0
574	mmcg	4	-89	-429	20	100	10	35	4	200	400		0	1	12600	0
575	mmcg	4	444	-296	3	100	10	35	4	200	400		0	1	12600	0
576	mmcg	4	32	-248	3	100	10	35	4	200	400		0	1	12600	0
577	mmcg	5	-89	-429	20	100	10	35	4	250	500		0	1	12600	0
578	mmcg	5	444	-296	3	100	10	35	4	250	500		0	1	12600	0
579	mmcg	5	32	-248	3	100	10	35	4	250	500		0	1	12600	0
580	mmcg	6	-89	-429	20	100	10	35	4	300	600		0	1	12600	0
581	mmcg	6	444	-296	3	100	10	35	4	300	600		0	1	12600	0
582	mmcg	6	32	-248	3	100	10	35	4	300	600		0	1	12600	0
583	mmcg	7	-89	-429	20	100	10	35	4	350	700		0	1	12600	0
584	mmcg	7	444	-296	3	100	10	35	4	350	700		0	1	12600	0
585	mmcg	7	32	-248	3	100	10	35	4	350	700		0	1	12600	0
586	mmcg	8	-89	-429	20	100	10	35	4	400	800		0	1	12600	0
587	mmcg	8	444	-296	3	100	10	35	4	400	800		0	1	12600	0
588	mmcg	8	32	-248	3	100	10	35	4	400	800		0	1	12600	0
589	mmcg	9	-89	-429	20	100	10	35	4	450	900		0	1	12600	0
590	mmcg	9	444	-296	3	100	10	35	4	450	900		0	1	12600	0
591	mmcg	9	32	-248	3	100	10	35	4	450	900		0	1	12600	0
592	mmcg	10	-89	-429	20	100	10	35	4	500	1000		0	1	12600	0
593	mmcg	10	444	-296	3	100	10	35	4	500	1000		0	1	12600	0
594	mmcg	10	32	-248	3	100	10	35	4	500	1000		0	1	12600	0
595	mmch	1	366	-284	-8	100	10	35	4	50	200		0	1	12600	0
596	mmch	1	21	325	6	100	10	35	4	50	200		0	1	12600	0
597	mmch	1	71	17	20	100	10	35	4	50	200		0	1	12600	0
598	mmch	1	-252	-321	2	100	10	35	4	50	200		0	1	12600	0
599	mmch	2	366	-284	-8	100	10	35	4	100	200		0	1	12600	0
600	mmch	2	21	325	6	100	10	35	4	100	200		0	1	12600	0
601	mmch	2	71	17	20	100	10	35	4	100	200		0	1	12600	0
602	mmch	2	-252	-321	2	100	10	35	4	100	200		0	1	12600	0
603	mmch	3	366	-284	-8	100	10	35	4	150	300		0	1	12600	0
604	mmch	3	21	325	6	100	10	35	4	150	300		0	1	12600	0
605	mmch	3	71	17	20	100	10	35	4	150	300		0	1	12600	0
606	mmch	3	-252	-321	2	100	10	35	4	150	300		0	1	12600	0
607	mmch	4	366	-284	-8	100	10	35	4	200	400		0	1	12600	0
608	mmch	4	21	325	6	100	10	35	4	200	400		0	1	12600	0
609	mmch	4	71	17	20	100	10	35	4	200	400		0	1	12600	0
610	mmch	4	-252	-321	2	100	10	35	4	200	400		0	1	12600	0
611	mmch	5	366	-284	-8	100	10	35	4	250	500		0	1	12600	0
612	mmch	5	21	325	6	100	10	35	4	250	500		0	1	12600	0
613	mmch	5	71	17	20	100	10	35	4	250	500		0	1	12600	0
614	mmch	5	-252	-321	2	100	10	35	4	250	500		0	1	12600	0
615	mmch	6	366	-284	-8	100	10	35	4	300	600		0	1	12600	0
616	mmch	6	21	325	6	100	10	35	4	300	600		0	1	12600	0
617	mmch	6	71	17	20	100	10	35	4	300	600		0	1	12600	0
618	mmch	6	-252	-321	2	100	10	35	4	300	600		0	1	12600	0
619	mmch	7	366	-284	-8	100	10	35	4	350	700		0	1	12600	0
620	mmch	7	21	325	6	100	10	35	4	350	700		0	1	12600	0
621	mmch	7	71	17	20	100	10	35	4	350	700		0	1	12600	0
622	mmch	7	-252	-321	2	100	10	35	4	350	700		0	1	12600	0
623	mmch	8	366	-284	-8	100	10	35	4	400	800		0	1	12600	0
624	mmch	8	21	325	6	100	10	35	4	400	800		0	1	12600	0
625	mmch	8	71	17	20	100	10	35	4	400	800		0	1	12600	0
626	mmch	8	-252	-321	2	100	10	35	4	400	800		0	1	12600	0
627	mmch	9	366	-284	-8	100	10	35	4	450	900		0	1	12600	0
628	mmch	9	21	325	6	100	10	35	4	450	900		0	1	12600	0
629	mmch	9	71	17	20	100	10	35	4	450	900		0	1	12600	0
630	mmch	9	-252	-321	2	100	10	35	4	450	900		0	1	12600	0
631	mmch	10	366	-284	-8	100	10	35	4	500	1000		0	1	12600	0
632	mmch	10	21	325	6	100	10	35	4	500	1000		0	1	12600	0
633	mmch	10	71	17	20	100	10	35	4	500	1000		0	1	12600	0
634	mmch	10	-252	-321	2	100	10	35	4	500	1000		0	1	12600	0
635	mmci	1	-125	-388	3	100	10	35	4	50	200		0	1	12600	0
636	mmci	1	-743	114	3	100	10	35	4	50	200		0	1	12600	0
637	mmci	1	-222	6	3	100	10	35	4	50	200		0	1	12600	0
638	mmci	2	-125	-388	3	100	10	35	4	100	200		0	1	12600	0
639	mmci	2	-743	114	3	100	10	35	4	100	200		0	1	12600	0
640	mmci	2	-222	6	3	100	10	35	4	100	200		0	1	12600	0
641	mmci	3	-125	-388	3	100	10	35	4	150	300		0	1	12600	0
642	mmci	3	-743	114	3	100	10	35	4	150	300		0	1	12600	0
643	mmci	3	-222	6	3	100	10	35	4	150	300		0	1	12600	0
644	mmci	4	-125	-388	3	100	10	35	4	200	400		0	1	12600	0
645	mmci	4	-743	114	3	100	10	35	4	200	400		0	1	12600	0
646	mmci	4	-222	6	3	100	10	35	4	200	400		0	1	12600	0
647	mmci	5	-125	-388	3	100	10	35	4	250	500		0	1	12600	0
648	mmci	5	-743	114	3	100	10	35	4	250	500		0	1	12600	0
649	mmci	5	-222	6	3	100	10	35	4	250	500		0	1	12600	0
650	mmci	6	-125	-388	3	100	10	35	4	300	600		0	1	12600	0
651	mmci	6	-743	114	3	100	10	35	4	300	600		0	1	12600	0
652	mmci	6	-222	6	3	100	10	35	4	300	600		0	1	12600	0
653	mmci	7	-125	-388	3	100	10	35	4	350	700		0	1	12600	0
654	mmci	7	-743	114	3	100	10	35	4	350	700		0	1	12600	0
655	mmci	7	-222	6	3	100	10	35	4	350	700		0	1	12600	0
656	mmci	8	-125	-388	3	100	10	35	4	400	800		0	1	12600	0
657	mmci	8	-743	114	3	100	10	35	4	400	800		0	1	12600	0
658	mmci	8	-222	6	3	100	10	35	4	400	800		0	1	12600	0
659	mmci	9	-125	-388	3	100	10	35	4	450	900		0	1	12600	0
660	mmci	9	-743	114	3	100	10	35	4	450	900		0	1	12600	0
661	mmci	9	-222	6	3	100	10	35	4	450	900		0	1	12600	0
662	mmci	10	-125	-388	3	100	10	35	4	500	1000		0	1	12600	0
663	mmci	10	-743	114	3	100	10	35	4	500	1000		0	1	12600	0
664	mmci	10	-222	6	3	100	10	35	4	500	1000		0	1	12600	0
665	mmcj	1	191	-317	20	100	10	35	4	50	200		0	1	12600	0
666	mmcj	1	-223	-581	20	100	10	35	4	50	200		0	1	12600	0
667	mmcj	1	-148	-291	20	100	10	35	4	50	200		0	1	12600	0
668	mmcj	1	216	512	3	100	10	35	4	50	200		0	1	12600	0
669	mmcj	2	191	-317	20	100	10	35	4	100	200		0	1	12600	0
670	mmcj	2	-223	-581	20	100	10	35	4	100	200		0	1	12600	0
671	mmcj	2	-148	-291	20	100	10	35	4	100	200		0	1	12600	0
672	mmcj	2	216	512	3	100	10	35	4	100	200		0	1	12600	0
673	mmcj	3	191	-317	20	100	10	35	4	150	300		0	1	12600	0
674	mmcj	3	-223	-581	20	100	10	35	4	150	300		0	1	12600	0
675	mmcj	3	-148	-291	20	100	10	35	4	150	300		0	1	12600	0
676	mmcj	3	216	512	3	100	10	35	4	150	300		0	1	12600	0
677	mmcj	4	191	-317	20	100	10	35	4	200	400		0	1	12600	0
678	mmcj	4	-223	-581	20	100	10	35	4	200	400		0	1	12600	0
679	mmcj	4	-148	-291	20	100	10	35	4	200	400		0	1	12600	0
680	mmcj	4	216	512	3	100	10	35	4	200	400		0	1	12600	0
681	mmcj	5	191	-317	20	100	10	35	4	250	500		0	1	12600	0
682	mmcj	5	-223	-581	20	100	10	35	4	250	500		0	1	12600	0
683	mmcj	5	-148	-291	20	100	10	35	4	250	500		0	1	12600	0
684	mmcj	5	216	512	3	100	10	35	4	250	500		0	1	12600	0
685	mmcj	6	191	-317	20	100	10	35	4	300	600		0	1	12600	0
686	mmcj	6	-223	-581	20	100	10	35	4	300	600		0	1	12600	0
687	mmcj	6	-148	-291	20	100	10	35	4	300	600		0	1	12600	0
688	mmcj	6	216	512	3	100	10	35	4	300	600		0	1	12600	0
689	mmcj	7	191	-317	20	100	10	35	4	350	700		0	1	12600	0
690	mmcj	7	-223	-581	20	100	10	35	4	350	700		0	1	12600	0
691	mmcj	7	-148	-291	20	100	10	35	4	350	700		0	1	12600	0
692	mmcj	7	216	512	3	100	10	35	4	350	700		0	1	12600	0
693	mmcj	8	191	-317	20	100	10	35	4	400	800		0	1	12600	0
694	mmcj	8	-223	-581	20	100	10	35	4	400	800		0	1	12600	0
695	mmcj	8	-148	-291	20	100	10	35	4	400	800		0	1	12600	0
696	mmcj	8	216	512	3	100	10	35	4	400	800		0	1	12600	0
697	mmcj	9	191	-317	20	100	10	35	4	450	900		0	1	12600	0
698	mmcj	9	-223	-581	20	100	10	35	4	450	900		0	1	12600	0
699	mmcj	9	-148	-291	20	100	10	35	4	450	900		0	1	12600	0
700	mmcj	9	216	512	3	100	10	35	4	450	900		0	1	12600	0
701	mmcj	10	191	-317	20	100	10	35	4	500	1000		0	1	12600	0
702	mmcj	10	-223	-581	20	100	10	35	4	500	1000		0	1	12600	0
703	mmcj	10	-148	-291	20	100	10	35	4	500	1000		0	1	12600	0
704	mmcj	10	216	512	3	100	10	35	4	500	1000		0	1	12600	0
705	mira	1	213	0	5	100	10	50	4	50	200		0	1	12600	0
706	mira	1	224	-246	-115	100	10	50	4	50	200		0	1	12600	0
707	mira	1	-294	240	5	100	10	50	4	50	200		0	1	12600	0
708	mira	1	-809	-432	66	100	10	50	4	50	200		0	1	12600	0
709	mira	0	213	0	5	100	10	50	4	1	200		0	1	12600	0
710	mira	0	224	-246	-115	100	10	50	4	1	200		0	1	12600	0
711	mira	0	-294	240	5	100	10	50	4	1	200		0	1	12600	0
712	mira	0	-809	-432	66	100	10	50	4	1	200		0	1	12600	0
713	mira	2	213	0	5	100	10	50	4	100	200		0	1	12600	0
714	mira	2	224	-246	-115	100	10	50	4	100	200		0	1	12600	0
715	mira	2	-294	240	5	100	10	50	4	100	200		0	1	12600	0
716	mira	2	-809	-432	66	100	10	50	4	100	200		0	1	12600	0
717	mira	3	213	0	5	100	10	50	4	150	300		0	1	12600	0
718	mira	3	224	-246	-115	100	10	50	4	150	300		0	1	12600	0
719	mira	3	-294	240	5	100	10	50	4	150	300		0	1	12600	0
720	mira	3	-809	-432	66	100	10	50	4	150	300		0	1	12600	0
721	mira	4	213	0	5	100	10	50	4	200	400		0	1	12600	0
722	mira	4	224	-246	-115	100	10	50	4	200	400		0	1	12600	0
723	mira	4	-294	240	5	100	10	50	4	200	400		0	1	12600	0
724	mira	4	-809	-432	66	100	10	50	4	200	400		0	1	12600	0
725	mira	5	213	0	5	100	10	50	4	250	500		0	1	12600	0
726	mira	5	224	-246	-115	100	10	50	4	250	500		0	1	12600	0
727	mira	5	-294	240	5	100	10	50	4	250	500		0	1	12600	0
728	mira	5	-809	-432	66	100	10	50	4	250	500		0	1	12600	0
729	mira	6	213	0	5	100	10	50	4	300	600		0	1	12600	0
730	mira	6	224	-246	-115	100	10	50	4	300	600		0	1	12600	0
731	mira	6	-294	240	5	100	10	50	4	300	600		0	1	12600	0
732	mira	6	-809	-432	66	100	10	50	4	300	600		0	1	12600	0
733	mira	7	213	0	5	100	10	50	4	350	700		0	1	12600	0
734	mira	7	224	-246	-115	100	10	50	4	350	700		0	1	12600	0
735	mira	7	-294	240	5	100	10	50	4	350	700		0	1	12600	0
736	mira	7	-809	-432	66	100	10	50	4	350	700		0	1	12600	0
737	mira	8	213	0	5	100	10	50	4	400	800		0	1	12600	0
738	mira	8	224	-246	-115	100	10	50	4	400	800		0	1	12600	0
739	mira	8	-294	240	5	100	10	50	4	400	800		0	1	12600	0
740	mira	8	-809	-432	66	100	10	50	4	400	800		0	1	12600	0
741	mira	9	213	0	5	100	10	50	4	450	900		0	1	12600	0
742	mira	9	224	-246	-115	100	10	50	4	450	900		0	1	12600	0
743	mira	9	-294	240	5	100	10	50	4	450	900		0	1	12600	0
744	mira	9	-809	-432	66	100	10	50	4	450	900		0	1	12600	0
745	mira	10	213	0	5	100	10	50	4	500	1000		0	1	12600	0
746	mira	10	224	-246	-115	100	10	50	4	500	1000		0	1	12600	0
747	mira	10	-294	240	5	100	10	50	4	500	1000		0	1	12600	0
748	mira	10	-809	-432	66	100	10	50	4	500	1000		0	1	12600	0
749	mird	0	136	1593	4	100	10	50	4	1	200		0	1	12600	0
750	mird	0	-8	1052	50	100	10	50	4	1	200		0	1	12600	0
751	mird	1	136	1593	4	100	10	50	4	50	200		0	1	12600	0
752	mird	1	-8	1052	50	100	10	50	4	50	200		0	1	12600	0
753	mird	2	136	1593	4	100	10	50	4	100	200		0	1	12600	0
754	mird	2	-8	1052	50	100	10	50	4	100	200		0	1	12600	0
755	mird	3	136	1593	4	100	10	50	4	150	300		0	1	12600	0
756	mird	3	-8	1052	50	100	10	50	4	150	300		0	1	12600	0
757	mird	4	136	1593	4	100	10	50	4	200	400		0	1	12600	0
758	mird	4	-8	1052	50	100	10	50	4	200	400		0	1	12600	0
759	mird	5	136	1593	4	100	10	50	4	250	500		0	1	12600	0
760	mird	5	-8	1052	50	100	10	50	4	250	500		0	1	12600	0
761	mird	6	136	1593	4	100	10	50	4	300	600		0	1	12600	0
762	mird	6	-8	1052	50	100	10	50	4	300	600		0	1	12600	0
763	mird	7	136	1593	4	100	10	50	4	350	700		0	1	12600	0
764	mird	7	-8	1052	50	100	10	50	4	350	700		0	1	12600	0
765	mird	8	136	1593	4	100	10	50	4	400	800		0	1	12600	0
766	mird	8	-8	1052	50	100	10	50	4	400	800		0	1	12600	0
767	mird	9	136	1593	4	100	10	50	4	450	900		0	1	12600	0
768	mird	9	-8	1052	50	100	10	50	4	450	900		0	1	12600	0
769	mird	10	136	1593	4	100	10	50	4	500	1000		0	1	12600	0
770	mird	10	-8	1052	50	100	10	50	4	500	1000		0	1	12600	0
771	mirg	0	-1055	588	-175	100	10	50	4	1	200		0	1	12600	0
772	mirg	0	-680	1037	-115	100	10	50	4	1	200		0	1	12600	0
773	mirg	1	-1055	588	-175	100	10	50	4	50	200		0	1	12600	0
774	mirg	1	-680	1037	-115	100	10	50	4	50	200		0	1	12600	0
775	mirg	2	-1055	588	-175	100	10	50	4	100	200		0	1	12600	0
776	mirg	2	-680	1037	-115	100	10	50	4	100	200		0	1	12600	0
777	mirg	3	-1055	588	-175	100	10	50	4	150	300		0	1	12600	0
778	mirg	3	-680	1037	-115	100	10	50	4	150	300		0	1	12600	0
779	mirg	4	-1055	588	-175	100	10	50	4	200	400		0	1	12600	0
780	mirg	4	-680	1037	-115	100	10	50	4	200	400		0	1	12600	0
781	mirg	5	-1055	588	-175	100	10	50	4	250	500		0	1	12600	0
782	mirg	5	-680	1037	-115	100	10	50	4	250	500		0	1	12600	0
783	mirg	6	-1055	588	-175	100	10	50	4	300	600		0	1	12600	0
784	mirg	6	-680	1037	-115	100	10	50	4	300	600		0	1	12600	0
785	mirg	7	-1055	588	-175	100	10	50	4	350	700		0	1	12600	0
786	mirg	7	-680	1037	-115	100	10	50	4	350	700		0	1	12600	0
787	mirg	8	-1055	588	-175	100	10	50	4	400	800		0	1	12600	0
788	mirg	8	-680	1037	-115	100	10	50	4	400	800		0	1	12600	0
789	mirg	9	-1055	588	-175	100	10	50	4	450	900		0	1	12600	0
790	mirg	9	-680	1037	-115	100	10	50	4	450	900		0	1	12600	0
791	mirg	10	-1055	588	-175	100	10	50	4	500	1000		0	1	12600	0
792	mirg	10	-680	1037	-115	100	10	50	4	500	1000		0	1	12600	0
793	mirj	0	-976	-11	3	100	10	50	4	1	200		0	1	12600	0
794	mirj	0	-306	106	3	100	10	50	4	1	200		0	1	12600	0
795	mirj	0	-627	-306	4	100	10	50	4	1	200		0	1	12600	0
796	mirj	1	-976	-11	3	100	10	50	4	50	200		0	1	12600	0
797	mirj	1	-306	106	3	100	10	50	4	50	200		0	1	12600	0
798	mirj	1	-627	-306	4	100	10	50	4	50	200		0	1	12600	0
799	mirj	2	-976	-11	3	100	10	50	4	100	200		0	1	12600	0
800	mirj	2	-306	106	3	100	10	50	4	100	200		0	1	12600	0
801	mirj	2	-627	-306	4	100	10	50	4	100	200		0	1	12600	0
802	mirj	3	-976	-11	3	100	10	50	4	150	300		0	1	12600	0
803	mirj	3	-306	106	3	100	10	50	4	150	300		0	1	12600	0
804	mirj	3	-627	-306	4	100	10	50	4	150	300		0	1	12600	0
805	mirj	4	-976	-11	3	100	10	50	4	200	400		0	1	12600	0
806	mirj	4	-306	106	3	100	10	50	4	200	400		0	1	12600	0
807	mirj	4	-627	-306	4	100	10	50	4	200	400		0	1	12600	0
808	mirj	5	-976	-11	3	100	10	50	4	250	500		0	1	12600	0
809	mirj	5	-306	106	3	100	10	50	4	250	500		0	1	12600	0
810	mirj	5	-627	-306	4	100	10	50	4	250	500		0	1	12600	0
811	mirj	6	-976	-11	3	100	10	50	4	300	600		0	1	12600	0
812	mirj	6	-306	106	3	100	10	50	4	300	600		0	1	12600	0
813	mirj	6	-627	-306	4	100	10	50	4	300	600		0	1	12600	0
814	mirj	7	-976	-11	3	100	10	50	4	350	700		0	1	12600	0
815	mirj	7	-306	106	3	100	10	50	4	350	700		0	1	12600	0
816	mirj	7	-627	-306	4	100	10	50	4	350	700		0	1	12600	0
817	mirj	8	-976	-11	3	100	10	50	4	400	800		0	1	12600	0
818	mirj	8	-306	106	3	100	10	50	4	400	800		0	1	12600	0
819	mirj	8	-627	-306	4	100	10	50	4	400	800		0	1	12600	0
820	mirj	9	-976	-11	3	100	10	50	4	450	900		0	1	12600	0
821	mirj	9	-306	106	3	100	10	50	4	450	900		0	1	12600	0
822	mirj	9	-627	-306	4	100	10	50	4	450	900		0	1	12600	0
823	mirj	10	-976	-11	3	100	10	50	4	500	1000		0	1	12600	0
824	mirj	10	-306	106	3	100	10	50	4	500	1000		0	1	12600	0
825	mirj	10	-627	-306	4	100	10	50	4	500	1000		0	1	12600	0
826	paludal	0	168	-913	-213	100	15	50	0	2770	0		10	30	640	0
827	inktuta	0	12	-461	-27	75	5	30	0	5722	0		100	65	180	10
828	inktuta	0	-245	-233	-52	75	20	30	2	296038	6		100	1	600	0
829	inktuta	0	-439	-237	-2	75	20	30	2	296038	6		100	1	600	0
830	inktuta	0	-221	-497	-27	75	20	30	2	296038	6		100	1	600	0
831	inktuta	0	-363	-238	-52	75	20	30	2	296038	6		100	1	600	0
832	inktuta	0	-307	-297	-52	75	20	30	0	5722	0		100	65	600	0
833	inktuta	0	-374	-366	-27	75	20	30	0	5722	0		100	65	600	0
834	inktuta	0	-256	-577	-52	75	20	30	0	5722	0		100	65	600	0
835	inktuta	0	-387	-449	-52	75	20	30	0	5722	0		100	65	600	0
836	inktuta	0	55	-525	-27	75	20	30	0	5722	0		100	1	180	10
837	soldunga	0	-589	-489	62	100	20	15	4	0	0		0	1	60	0
